{{1, -11.087635572894692`, -1, -3.6572179013874493`, \
-8.773283523272426`, -10.038533159725077`, -2.9999999999999964`, \
-3.5453552083165825`, -3.0200068714605033`, -3.5384890174765475`, \
-6.71259906384185`, -7.562291495542951`, -9.671764274683923`, -1, -1, \
-1, -6.769099513703402`, -7.671764274683925`, -6.116065621884977`, \
-7.857025076667814`}, {-11.087635572894692`, 
  1, -7.85702507666783`, -9.264007648723508`, -1, -1, \
-10.487924940356171`, -9.399000194040873`, -9.585352627148879`, \
-9.501034617554676`, -4.282934572155876`, -4.3029414436163815`, -1, \
-18.354654555576506`, -12.514426861191087`, -13.71853543658302`, \
-4.282612528389099`, -4.230610496226864`, -4.250419212467565`, \
-4.218422089165575`}, {-1, -7.85702507666783`, 
  1, -8.77328352327242`, -3.657217901387452`, -10.038533159725073`, \
-1, -6.712599063841861`, -3.0200068714605033`, -6.769099513703403`, \
-3.54535520831658`, -7.562291495542951`, -7.671764274683923`, -1, \
-6.116065621884979`, -2.9999999999999987`, -3.5384890174765484`, \
-9.671764274683923`, -1, -11.087635572894667`}, \
{-3.6572179013874493`, -9.264007648723508`, -8.77328352327242`, 
  1, -12.087063723716648`, -4.167243855525264`, -9.775451067319587`, \
-1, -9.449856383914351`, -4.250419212467533`, -9.101913702689629`, \
-4.230610496226841`, -9.314992797761024`, -14.029578013962391`, -1, \
-4.659385445434607`, -12.51442686119102`, -4.198927175876054`, \
-14.087063723716659`, -1}, {-8.773283523272426`, -1, \
-3.657217901387452`, -12.087063723716648`, 
  1, -4.1672438555252596`, -4.659385445434619`, -9.101913702689648`, \
-9.449856383914359`, -12.51442686119103`, -1, -4.2306104962268485`, \
-4.198927175876058`, -14.029578013962393`, -14.08706372371667`, \
-9.775451067319587`, -4.250419212467543`, -9.31499279776103`, -1, \
-9.264007648723487`}, {-10.038533159725077`, -1, \
-10.038533159725073`, -4.167243855525264`, -4.1672438555252596`, 
  1, -10.10626835574988`, -4.198927175876069`, -12.952997562546686`, \
-9.585352627148827`, -4.198927175876062`, -1, -4.250419212467541`, \
-21.902009852975233`, -9.449856383914357`, -10.106268355749869`, \
-9.585352627148824`, -4.250419212467541`, -9.44985638391435`, -1}, \
{-2.9999999999999964`, -10.487924940356171`, -1, -9.775451067319587`, \
-4.659385445434619`, -10.10626835574988`, 
  1, -4.167243855525278`, -11.69170382461391`, -14.694062201120188`, \
-1, -4.42687603885475`, -14.484890849928416`, -10.064833738867607`, \
-10.375697805214461`, -1, -11.463451704893334`, -16.484890849928412`, \
-5.2596321833294795`, -13.718535436583005`}, {-3.5453552083165825`, \
-9.399000194040873`, -6.712599063841861`, -1, -9.101913702689648`, \
-4.198927175876069`, -4.167243855525278`, 
  1, -13.235201678202106`, -9.843001696830605`, -4.015716820181303`, \
-1, -12.786150328264467`, -15.703854740400573`, -4.421138481675317`, \
-1, -14.959067318715595`, -9.61890647273919`, -12.523052184364976`, \
-4.282934572155866`}, {-3.0200068714605033`, -9.585352627148879`, \
-3.0200068714605033`, -9.449856383914351`, -9.449856383914359`, \
-12.952997562546686`, -11.69170382461391`, -13.235201678202106`, 
  1, -1, -13.235201678202097`, -15.511309219992036`, \
-4.250419212467557`, -1, -4.1672438555252755`, -11.691703824613903`, \
-1, -4.250419212467562`, -4.1672438555252755`, -9.585352627148861`}, \
{-3.5384890174765475`, -9.501034617554676`, -6.769099513703403`, \
-4.250419212467533`, -12.51442686119103`, -9.585352627148827`, \
-14.694062201120188`, -9.843001696830605`, -1, 
  1, -14.959067318715583`, -13.231826163674217`, -4.230610496226854`, \
-5.493538196922206`, -1, -11.46345170489332`, -4.218422089165564`, \
-1, -9.264007648723497`, -4.2826125283890875`}, {-6.71259906384185`, \
-4.282934572155876`, -3.54535520831658`, -9.101913702689629`, -1, \
-4.198927175876062`, -1, -4.015716820181303`, -13.235201678202097`, \
-14.959067318715583`, 
  1, -1, -9.618906472739187`, -15.703854740400548`, \
-12.52305218436496`, -4.167243855525266`, -9.843001696830608`, \
-12.786150328264455`, -4.421138481675317`, -9.399000194040843`}, \
{-7.562291495542951`, -4.3029414436163815`, -7.562291495542951`, \
-4.230610496226841`, -4.2306104962268485`, -1, -4.42687603885475`, \
-1, -15.511309219992036`, -13.231826163674217`, -1, 
  1, -9.703428966297638`, -20.7383775017648`, -9.72460012427825`, \
-4.426876038854742`, -13.23182616367422`, -9.703428966297633`, \
-9.724600124278256`, -4.302941443616366`}, {-9.671764274683923`, -1, \
-7.671764274683923`, -9.314992797761024`, -4.198927175876058`, \
-4.250419212467541`, -14.484890849928416`, -12.786150328264467`, \
-4.250419212467557`, -4.230610496226854`, -9.618906472739187`, \
-9.703428966297638`, 
  1, -12.836295228239779`, -9.314992797761043`, -16.484890849928398`, \
-1, -1, -4.198927175876063`, -4.23061049622685`}, {-1, \
-18.354654555576506`, -1, -14.029578013962391`, -14.029578013962393`, \
-21.902009852975233`, -10.064833738867607`, -15.703854740400573`, -1, \
-5.493538196922206`, -15.703854740400548`, -20.7383775017648`, \
-12.836295228239779`, 
  1, -6.116065621884996`, -10.064833738867609`, -5.493538196922198`, \
-12.836295228239788`, -6.116065621884983`, -18.354654555576474`}, \
{-1, -12.514426861191087`, -6.116065621884979`, -1, \
-14.08706372371667`, -9.449856383914357`, -10.375697805214461`, \
-4.421138481675317`, -4.1672438555252755`, -1, -12.52305218436496`, \
-9.72460012427825`, -9.314992797761043`, -6.116065621884996`, 
  1, -5.259632183329473`, -9.264007648723494`, -4.198927175876066`, \
-12.087063723716685`, -4.250419212467557`}, {-1, -13.71853543658302`, \
-2.9999999999999987`, -4.659385445434607`, -9.775451067319587`, \
-10.106268355749869`, -1, -1, -11.691703824613903`, \
-11.46345170489332`, -4.167243855525266`, -4.426876038854742`, \
-16.484890849928398`, -10.064833738867609`, -5.259632183329473`, 
  1, -14.694062201120179`, -14.484890849928398`, \
-10.375697805214456`, -10.487924940356134`}, {-6.769099513703402`, \
-4.282612528389099`, -3.5384890174765484`, -12.51442686119102`, \
-4.250419212467543`, -9.585352627148824`, -11.463451704893334`, \
-14.959067318715595`, -1, -4.218422089165564`, -9.843001696830608`, \
-13.23182616367422`, -1, -5.493538196922198`, -9.264007648723494`, \
-14.694062201120179`, 
  1, -4.230610496226853`, -1, -9.501034617554648`}, \
{-7.671764274683925`, -4.230610496226864`, -9.671764274683923`, \
-4.198927175876054`, -9.31499279776103`, -4.250419212467541`, \
-16.484890849928412`, -9.61890647273919`, -4.250419212467562`, -1, \
-12.786150328264455`, -9.703428966297633`, -1, -12.836295228239788`, \
-4.198927175876066`, -14.484890849928398`, -4.230610496226853`, 
  1, -9.314992797761043`, -1}, {-6.116065621884977`, \
-4.250419212467565`, -1, -14.087063723716659`, -1, \
-9.44985638391435`, -5.2596321833294795`, -12.523052184364976`, \
-4.1672438555252755`, -9.264007648723497`, -4.421138481675317`, \
-9.724600124278256`, -4.198927175876063`, -6.116065621884983`, \
-12.087063723716685`, -10.375697805214456`, -1, -9.314992797761043`, 
  1, -12.514426861191055`}, {-7.857025076667814`, \
-4.218422089165575`, -11.087635572894667`, -1, -9.264007648723487`, \
-1, -13.718535436583005`, -4.282934572155866`, -9.585352627148861`, \
-4.2826125283890875`, -9.399000194040843`, -4.302941443616366`, \
-4.23061049622685`, -18.354654555576474`, -4.250419212467557`, \
-10.487924940356134`, -9.501034617554648`, -1, -12.514426861191055`, 
  1}}

{{0, 2, 13}, {0, 13, 8, 9, 14}, {0, 14, 3, 7, 15}, {0, 15, 6, 2}, {1, 
  4, 10, 11, 5}, {1, 5, 19, 17, 12}, {1, 12, 16, 18, 4}, {2, 6, 10, 4,
   18}, {2, 18, 16, 8, 13}, {3, 14, 9, 17, 19}, {3, 19, 5, 11, 7}, {6,
   15, 7, 11, 10}, {8, 16, 12, 17, 9}}
