{{1., -46.124611797498105, -1., -48.124611797498105, 
-18.70820393249937, -18.70820393249937, -28.41640786499874, 
-28.41640786499874, -18.70820393249937, -28.41640786499874, 
-18.70820393249937, -28.41640786499874, -1., -42.124611797498105, 
-1., -42.124611797498105, -5., -46.124611797498105, -5., 
-46.124611797498105, -11.47213595499958, -27.18033988749895, 
-11.47213595499958, -27.18033988749895, -19.94427190999916, 
-35.65247584249853, -19.94427190999916, -35.65247584249853, 
-12.23606797749979, -31.65247584249853, -12.23606797749979, 
-31.65247584249853, -15.47213595499958, -34.88854381999832, 
-15.47213595499958, -34.88854381999832, -5., -40.124611797498105, 
-5., -40.124611797498105, -7., -42.124611797498105, -7., 
-42.124611797498105, -4.23606797749979, -35.65247584249853, 
-4.23606797749979, -35.65247584249853, -11.47213595499958, 
-42.88854381999832, -11.47213595499958, -42.88854381999832, 
-15.47213595499958, -25.18033988749895, -15.47213595499958, 
-25.18033988749895, -21.94427190999916, -31.65247584249853, 
-21.94427190999916, -31.65247584249853}, {-46.124611797498105, 
  1., -48.124611797498105, -1., -18.70820393249937, 
-18.70820393249937, -28.41640786499874, -28.41640786499874, 
-28.41640786499874, -18.70820393249937, -28.41640786499874, 
-18.70820393249937, -42.124611797498105, -1., 
-42.124611797498105, -1., -46.124611797498105, -5., 
-46.124611797498105, -5., -27.18033988749895, -11.47213595499958, 
-27.18033988749895, -11.47213595499958, -35.65247584249853, 
-19.94427190999916, -35.65247584249853, -19.94427190999916, 
-31.65247584249853, -12.23606797749979, -31.65247584249853, 
-12.23606797749979, -34.88854381999832, -15.47213595499958, 
-34.88854381999832, -15.47213595499958, -40.124611797498105, -5., 
-40.124611797498105, -5., -42.124611797498105, -7., 
-42.124611797498105, -7., -35.65247584249853, -4.23606797749979, 
-35.65247584249853, -4.23606797749979, -42.88854381999832, 
-11.47213595499958, -42.88854381999832, -11.47213595499958, 
-25.18033988749895, -15.47213595499958, -25.18033988749895, 
-15.47213595499958, -31.65247584249853, -21.94427190999916, 
-31.65247584249853, -21.94427190999916}, {-1., 
-48.124611797498105, 
  1., -46.124611797498105, -28.41640786499874, 
-28.41640786499874, -18.70820393249937, -18.70820393249937, 
-18.70820393249937, -28.41640786499874, -18.70820393249937, 
-28.41640786499874, -5., -46.124611797498105, -5., 
-46.124611797498105, -1., -42.124611797498105, -1., 
-42.124611797498105, -19.94427190999916, -35.65247584249853, 
-19.94427190999916, -35.65247584249853, -11.47213595499958, 
-27.18033988749895, -11.47213595499958, -27.18033988749895, 
-15.47213595499958, -34.88854381999832, -15.47213595499958, 
-34.88854381999832, -12.23606797749979, -31.65247584249853, 
-12.23606797749979, -31.65247584249853, -7., -42.124611797498105, 
-7., -42.124611797498105, -5., -40.124611797498105, -5., 
-40.124611797498105, -11.47213595499958, -42.88854381999832, 
-11.47213595499958, -42.88854381999832, -4.23606797749979, 
-35.65247584249853, -4.23606797749979, -35.65247584249853, 
-21.94427190999916, -31.65247584249853, -21.94427190999916, 
-31.65247584249853, -15.47213595499958, -25.18033988749895, 
-15.47213595499958, -25.18033988749895}, {-48.124611797498105, 
-1., -46.124611797498105, 
  1., -28.41640786499874, -28.41640786499874, -18.70820393249937, 
-18.70820393249937, -28.41640786499874, -18.70820393249937, 
-28.41640786499874, -18.70820393249937, -46.124611797498105, -5., 
-46.124611797498105, -5., -42.124611797498105, -1., 
-42.124611797498105, -1., -35.65247584249853, -19.94427190999916, 
-35.65247584249853, -19.94427190999916, -27.18033988749895, 
-11.47213595499958, -27.18033988749895, -11.47213595499958, 
-34.88854381999832, -15.47213595499958, -34.88854381999832, 
-15.47213595499958, -31.65247584249853, -12.23606797749979, 
-31.65247584249853, -12.23606797749979, -42.124611797498105, -7., 
-42.124611797498105, -7., -40.124611797498105, -5., 
-40.124611797498105, -5., -42.88854381999832, -11.47213595499958, 
-42.88854381999832, -11.47213595499958, -35.65247584249853, 
-4.23606797749979, -35.65247584249853, -4.23606797749979, 
-31.65247584249853, -21.94427190999916, -31.65247584249853, 
-21.94427190999916, -25.18033988749895, -15.47213595499958, 
-25.18033988749895, -15.47213595499958}, {-18.70820393249937, 
-18.70820393249937, -28.41640786499874, -28.41640786499874, 
  1., -1., -46.124611797498105, -48.124611797498105, 
-18.70820393249937, -18.70820393249937, -28.41640786499874, 
-28.41640786499874, -12.23606797749979, -12.23606797749979, 
-15.47213595499958, -15.47213595499958, -31.65247584249853, 
-31.65247584249853, -34.88854381999832, -34.88854381999832, -1., 
-1., -5., -5., -42.124611797498105, -42.124611797498105, 
-46.124611797498105, -46.124611797498105, -11.47213595499958, 
-11.47213595499958, -19.94427190999916, -19.94427190999916, 
-27.18033988749895, -27.18033988749895, -35.65247584249853, 
-35.65247584249853, -15.47213595499958, -15.47213595499958, 
-21.94427190999916, -21.94427190999916, -25.18033988749895, 
-25.18033988749895, -31.65247584249853, -31.65247584249853, -5., 
-5., -7., -7., -40.124611797498105, -40.124611797498105, 
-42.124611797498105, -42.124611797498105, -4.23606797749979, 
-4.23606797749979, -11.47213595499958, -11.47213595499958, 
-35.65247584249853, -35.65247584249853, -42.88854381999832, 
-42.88854381999832}, {-18.70820393249937, -18.70820393249937, 
-28.41640786499874, -28.41640786499874, -1., 
  1., -48.124611797498105, -46.124611797498105, 
-28.41640786499874, -28.41640786499874, -18.70820393249937, 
-18.70820393249937, -15.47213595499958, -15.47213595499958, 
-12.23606797749979, -12.23606797749979, -34.88854381999832, 
-34.88854381999832, -31.65247584249853, -31.65247584249853, -5., 
-5., -1., -1., -46.124611797498105, -46.124611797498105, 
-42.124611797498105, -42.124611797498105, -19.94427190999916, 
-19.94427190999916, -11.47213595499958, -11.47213595499958, 
-35.65247584249853, -35.65247584249853, -27.18033988749895, 
-27.18033988749895, -21.94427190999916, -21.94427190999916, 
-15.47213595499958, -15.47213595499958, -31.65247584249853, 
-31.65247584249853, -25.18033988749895, -25.18033988749895, -7., 
-7., -5., -5., -42.124611797498105, -42.124611797498105, 
-40.124611797498105, -40.124611797498105, -11.47213595499958, 
-11.47213595499958, -4.23606797749979, -4.23606797749979, 
-42.88854381999832, -42.88854381999832, -35.65247584249853, 
-35.65247584249853}, {-28.41640786499874, -28.41640786499874, 
-18.70820393249937, -18.70820393249937, -46.124611797498105, 
-48.124611797498105, 
  1., -1., -18.70820393249937, -18.70820393249937, 
-28.41640786499874, -28.41640786499874, -31.65247584249853, 
-31.65247584249853, -34.88854381999832, -34.88854381999832, 
-12.23606797749979, -12.23606797749979, -15.47213595499958, 
-15.47213595499958, -42.124611797498105, -42.124611797498105, 
-46.124611797498105, -46.124611797498105, -1., -1., -5., -5., 
-27.18033988749895, -27.18033988749895, -35.65247584249853, 
-35.65247584249853, -11.47213595499958, -11.47213595499958, 
-19.94427190999916, -19.94427190999916, -25.18033988749895, 
-25.18033988749895, -31.65247584249853, -31.65247584249853, 
-15.47213595499958, -15.47213595499958, -21.94427190999916, 
-21.94427190999916, -40.124611797498105, -40.124611797498105, 
-42.124611797498105, -42.124611797498105, -5., -5., -7., -7., 
-35.65247584249853, -35.65247584249853, -42.88854381999832, 
-42.88854381999832, -4.23606797749979, -4.23606797749979, 
-11.47213595499958, -11.47213595499958}, {-28.41640786499874, 
-28.41640786499874, -18.70820393249937, -18.70820393249937, 
-48.124611797498105, -46.124611797498105, -1., 
  1., -28.41640786499874, -28.41640786499874, -18.70820393249937, 
-18.70820393249937, -34.88854381999832, -34.88854381999832, 
-31.65247584249853, -31.65247584249853, -15.47213595499958, 
-15.47213595499958, -12.23606797749979, -12.23606797749979, 
-46.124611797498105, -46.124611797498105, -42.124611797498105, 
-42.124611797498105, -5., -5., -1., -1., -35.65247584249853, 
-35.65247584249853, -27.18033988749895, -27.18033988749895, 
-19.94427190999916, -19.94427190999916, -11.47213595499958, 
-11.47213595499958, -31.65247584249853, -31.65247584249853, 
-25.18033988749895, -25.18033988749895, -21.94427190999916, 
-21.94427190999916, -15.47213595499958, -15.47213595499958, 
-42.124611797498105, -42.124611797498105, -40.124611797498105, 
-40.124611797498105, -7., -7., -5., -5., -42.88854381999832, 
-42.88854381999832, -35.65247584249853, -35.65247584249853, 
-11.47213595499958, -11.47213595499958, -4.23606797749979, 
-4.23606797749979}, {-18.70820393249937, -28.41640786499874, 
-18.70820393249937, -28.41640786499874, -18.70820393249937, 
-28.41640786499874, -18.70820393249937, -28.41640786499874, 
  1., -1., -46.124611797498105, -48.124611797498105, 
-11.47213595499958, -19.94427190999916, -27.18033988749895, 
-35.65247584249853, -11.47213595499958, -19.94427190999916, 
-27.18033988749895, -35.65247584249853, -12.23606797749979, 
-15.47213595499958, -31.65247584249853, -34.88854381999832, 
-12.23606797749979, -15.47213595499958, -31.65247584249853, 
-34.88854381999832, -1., -5., -42.124611797498105, 
-46.124611797498105, -1., -5., -42.124611797498105, 
-46.124611797498105, -4.23606797749979, -11.47213595499958, 
-35.65247584249853, -42.88854381999832, -4.23606797749979, 
-11.47213595499958, -35.65247584249853, -42.88854381999832, 
-15.47213595499958, -21.94427190999916, -25.18033988749895, 
-31.65247584249853, -15.47213595499958, -21.94427190999916, 
-25.18033988749895, -31.65247584249853, -5., -7., 
-40.124611797498105, -42.124611797498105, -5., -7., 
-40.124611797498105, -42.124611797498105}, {-28.41640786499874, 
-18.70820393249937, -28.41640786499874, -18.70820393249937, 
-18.70820393249937, -28.41640786499874, -18.70820393249937, 
-28.41640786499874, -1., 
  1., -48.124611797498105, -46.124611797498105, 
-19.94427190999916, -11.47213595499958, -35.65247584249853, 
-27.18033988749895, -19.94427190999916, -11.47213595499958, 
-35.65247584249853, -27.18033988749895, -15.47213595499958, 
-12.23606797749979, -34.88854381999832, -31.65247584249853, 
-15.47213595499958, -12.23606797749979, -34.88854381999832, 
-31.65247584249853, -5., -1., -46.124611797498105, 
-42.124611797498105, -5., -1., -46.124611797498105, 
-42.124611797498105, -11.47213595499958, -4.23606797749979, 
-42.88854381999832, -35.65247584249853, -11.47213595499958, 
-4.23606797749979, -42.88854381999832, -35.65247584249853, 
-21.94427190999916, -15.47213595499958, -31.65247584249853, 
-25.18033988749895, -21.94427190999916, -15.47213595499958, 
-31.65247584249853, -25.18033988749895, -7., -5., 
-42.124611797498105, -40.124611797498105, -7., -5., 
-42.124611797498105, -40.124611797498105}, {-18.70820393249937, 
-28.41640786499874, -18.70820393249937, -28.41640786499874, 
-28.41640786499874, -18.70820393249937, -28.41640786499874, 
-18.70820393249937, -46.124611797498105, -48.124611797498105, 
  1., -1., -27.18033988749895, -35.65247584249853, 
-11.47213595499958, -19.94427190999916, -27.18033988749895, 
-35.65247584249853, -11.47213595499958, -19.94427190999916, 
-31.65247584249853, -34.88854381999832, -12.23606797749979, 
-15.47213595499958, -31.65247584249853, -34.88854381999832, 
-12.23606797749979, -15.47213595499958, -42.124611797498105, 
-46.124611797498105, -1., -5., -42.124611797498105, 
-46.124611797498105, -1., -5., -35.65247584249853, 
-42.88854381999832, -4.23606797749979, -11.47213595499958, 
-35.65247584249853, -42.88854381999832, -4.23606797749979, 
-11.47213595499958, -25.18033988749895, -31.65247584249853, 
-15.47213595499958, -21.94427190999916, -25.18033988749895, 
-31.65247584249853, -15.47213595499958, -21.94427190999916, 
-40.124611797498105, -42.124611797498105, -5., -7., 
-40.124611797498105, -42.124611797498105, -5., -7.}, 
{-28.41640786499874, -18.70820393249937, -28.41640786499874, 
-18.70820393249937, -28.41640786499874, -18.70820393249937, 
-28.41640786499874, -18.70820393249937, -48.124611797498105, 
-46.124611797498105, -1., 
  1., -35.65247584249853, -27.18033988749895, -19.94427190999916, 
-11.47213595499958, -35.65247584249853, -27.18033988749895, 
-19.94427190999916, -11.47213595499958, -34.88854381999832, 
-31.65247584249853, -15.47213595499958, -12.23606797749979, 
-34.88854381999832, -31.65247584249853, -15.47213595499958, 
-12.23606797749979, -46.124611797498105, -42.124611797498105, 
-5., -1., -46.124611797498105, -42.124611797498105, -5., -1., 
-42.88854381999832, -35.65247584249853, -11.47213595499958, 
-4.23606797749979, -42.88854381999832, -35.65247584249853, 
-11.47213595499958, -4.23606797749979, -31.65247584249853, 
-25.18033988749895, -21.94427190999916, -15.47213595499958, 
-31.65247584249853, -25.18033988749895, -21.94427190999916, 
-15.47213595499958, -42.124611797498105, -40.124611797498105, 
-7., -5., -42.124611797498105, -40.124611797498105, -7., -5.}, 
{-1., -42.124611797498105, -5., -46.124611797498105, 
-12.23606797749979, -15.47213595499958, -31.65247584249853, 
-34.88854381999832, -11.47213595499958, -19.94427190999916, 
-27.18033988749895, -35.65247584249853, 
  1., -34.88854381999832, -4.23606797749979, -40.124611797498105, 
-7., -42.88854381999832, -12.23606797749979, -48.124611797498105, 
-5., -18.70820393249937, -11.47213595499958, -25.18033988749895, 
-21.94427190999916, -35.65247584249853, -28.41640786499874, 
-42.124611797498105, -5., -21.94427190999916, -18.70820393249937, 
-35.65247584249853, -11.47213595499958, -28.41640786499874, 
-25.18033988749895, -42.124611797498105, -1., -31.65247584249853, 
-11.47213595499958, -42.124611797498105, -5., -35.65247584249853, 
-15.47213595499958, -46.124611797498105, -1., -28.41640786499874, 
-4.23606797749979, -31.65247584249853, -15.47213595499958, 
-42.88854381999832, -18.70820393249937, -46.124611797498105, -7., 
-15.47213595499958, -18.70820393249937, -27.18033988749895, 
-19.94427190999916, -28.41640786499874, -31.65247584249853, 
-40.124611797498105}, {-42.124611797498105, -1., 
-46.124611797498105, -5., -12.23606797749979, -15.47213595499958, 
-31.65247584249853, -34.88854381999832, -19.94427190999916, 
-11.47213595499958, -35.65247584249853, -27.18033988749895, 
-34.88854381999832, 
  1., -40.124611797498105, -4.23606797749979, -42.88854381999832, 
-7., -48.124611797498105, -12.23606797749979, -18.70820393249937, 
-5., -25.18033988749895, -11.47213595499958, -35.65247584249853, 
-21.94427190999916, -42.124611797498105, -28.41640786499874, 
-21.94427190999916, -5., -35.65247584249853, -18.70820393249937, 
-28.41640786499874, -11.47213595499958, -42.124611797498105, 
-25.18033988749895, -31.65247584249853, -1., -42.124611797498105, 
-11.47213595499958, -35.65247584249853, -5., -46.124611797498105, 
-15.47213595499958, -28.41640786499874, -1., -31.65247584249853, 
-4.23606797749979, -42.88854381999832, -15.47213595499958, 
-46.124611797498105, -18.70820393249937, -15.47213595499958, -7., 
-27.18033988749895, -18.70820393249937, -28.41640786499874, 
-19.94427190999916, -40.124611797498105, -31.65247584249853}, 
{-1., -42.124611797498105, -5., -46.124611797498105, 
-15.47213595499958, -12.23606797749979, -34.88854381999832, 
-31.65247584249853, -27.18033988749895, -35.65247584249853, 
-11.47213595499958, -19.94427190999916, -4.23606797749979, 
-40.124611797498105, 
  1., -34.88854381999832, -12.23606797749979, 
-48.124611797498105, -7., -42.88854381999832, -11.47213595499958, 
-25.18033988749895, -5., -18.70820393249937, -28.41640786499874, 
-42.124611797498105, -21.94427190999916, -35.65247584249853, 
-18.70820393249937, -35.65247584249853, -5., -21.94427190999916, 
-25.18033988749895, -42.124611797498105, -11.47213595499958, 
-28.41640786499874, -11.47213595499958, -42.124611797498105, -1., 
-31.65247584249853, -15.47213595499958, -46.124611797498105, -5., 
-35.65247584249853, -4.23606797749979, -31.65247584249853, -1., 
-28.41640786499874, -18.70820393249937, -46.124611797498105, 
-15.47213595499958, -42.88854381999832, -18.70820393249937, 
-27.18033988749895, -7., -15.47213595499958, -31.65247584249853, 
-40.124611797498105, -19.94427190999916, -28.41640786499874}, 
{-42.124611797498105, -1., -46.124611797498105, -5., 
-15.47213595499958, -12.23606797749979, -34.88854381999832, 
-31.65247584249853, -35.65247584249853, -27.18033988749895, 
-19.94427190999916, -11.47213595499958, -40.124611797498105, 
-4.23606797749979, -34.88854381999832, 
  1., -48.124611797498105, -12.23606797749979, 
-42.88854381999832, -7., -25.18033988749895, -11.47213595499958, 
-18.70820393249937, -5., -42.124611797498105, -28.41640786499874, 
-35.65247584249853, -21.94427190999916, -35.65247584249853, 
-18.70820393249937, -21.94427190999916, -5., -42.124611797498105, 
-25.18033988749895, -28.41640786499874, -11.47213595499958, 
-42.124611797498105, -11.47213595499958, -31.65247584249853, -1., 
-46.124611797498105, -15.47213595499958, -35.65247584249853, -5., 
-31.65247584249853, -4.23606797749979, -28.41640786499874, -1., 
-46.124611797498105, -18.70820393249937, -42.88854381999832, 
-15.47213595499958, -27.18033988749895, -18.70820393249937, 
-15.47213595499958, -7., -40.124611797498105, -31.65247584249853, 
-28.41640786499874, -19.94427190999916}, {-5., 
-46.124611797498105, -1., -42.124611797498105, 
-31.65247584249853, -34.88854381999832, -12.23606797749979, 
-15.47213595499958, -11.47213595499958, -19.94427190999916, 
-27.18033988749895, -35.65247584249853, -7., -42.88854381999832, 
-12.23606797749979, -48.124611797498105, 
  1., -34.88854381999832, -4.23606797749979, -40.124611797498105, 
-21.94427190999916, -35.65247584249853, -28.41640786499874, 
-42.124611797498105, -5., -18.70820393249937, -11.47213595499958, 
-25.18033988749895, -11.47213595499958, -28.41640786499874, 
-25.18033988749895, -42.124611797498105, -5., -21.94427190999916, 
-18.70820393249937, -35.65247584249853, -5., -35.65247584249853, 
-15.47213595499958, -46.124611797498105, -1., -31.65247584249853, 
-11.47213595499958, -42.124611797498105, -15.47213595499958, 
-42.88854381999832, -18.70820393249937, -46.124611797498105, -1., 
-28.41640786499874, -4.23606797749979, -31.65247584249853, 
-19.94427190999916, -28.41640786499874, -31.65247584249853, 
-40.124611797498105, -7., -15.47213595499958, -18.70820393249937, 
-27.18033988749895}, {-46.124611797498105, -5., 
-42.124611797498105, -1., -31.65247584249853, -34.88854381999832, 
-12.23606797749979, -15.47213595499958, -19.94427190999916, 
-11.47213595499958, -35.65247584249853, -27.18033988749895, 
-42.88854381999832, -7., -48.124611797498105, -12.23606797749979, 
-34.88854381999832, 
  1., -40.124611797498105, -4.23606797749979, -35.65247584249853, 
-21.94427190999916, -42.124611797498105, -28.41640786499874, 
-18.70820393249937, -5., -25.18033988749895, -11.47213595499958, 
-28.41640786499874, -11.47213595499958, -42.124611797498105, 
-25.18033988749895, -21.94427190999916, -5., -35.65247584249853, 
-18.70820393249937, -35.65247584249853, -5., -46.124611797498105, 
-15.47213595499958, -31.65247584249853, -1., -42.124611797498105, 
-11.47213595499958, -42.88854381999832, -15.47213595499958, 
-46.124611797498105, -18.70820393249937, -28.41640786499874, -1., 
-31.65247584249853, -4.23606797749979, -28.41640786499874, 
-19.94427190999916, -40.124611797498105, -31.65247584249853, 
-15.47213595499958, -7., -27.18033988749895, -18.70820393249937}, 
{-5., -46.124611797498105, -1., -42.124611797498105, 
-34.88854381999832, -31.65247584249853, -15.47213595499958, 
-12.23606797749979, -27.18033988749895, -35.65247584249853, 
-11.47213595499958, -19.94427190999916, -12.23606797749979, 
-48.124611797498105, -7., -42.88854381999832, -4.23606797749979, 
-40.124611797498105, 
  1., -34.88854381999832, -28.41640786499874, 
-42.124611797498105, -21.94427190999916, -35.65247584249853, 
-11.47213595499958, -25.18033988749895, -5., -18.70820393249937, 
-25.18033988749895, -42.124611797498105, -11.47213595499958, 
-28.41640786499874, -18.70820393249937, -35.65247584249853, -5., 
-21.94427190999916, -15.47213595499958, -46.124611797498105, -5., 
-35.65247584249853, -11.47213595499958, -42.124611797498105, -1., 
-31.65247584249853, -18.70820393249937, -46.124611797498105, 
-15.47213595499958, -42.88854381999832, -4.23606797749979, 
-31.65247584249853, -1., -28.41640786499874, -31.65247584249853, 
-40.124611797498105, -19.94427190999916, -28.41640786499874, 
-18.70820393249937, -27.18033988749895, -7., -15.47213595499958}, 
{-46.124611797498105, -5., -42.124611797498105, -1., 
-34.88854381999832, -31.65247584249853, -15.47213595499958, 
-12.23606797749979, -35.65247584249853, -27.18033988749895, 
-19.94427190999916, -11.47213595499958, -48.124611797498105, 
-12.23606797749979, -42.88854381999832, -7., -40.124611797498105, 
-4.23606797749979, -34.88854381999832, 
  1., -42.124611797498105, -28.41640786499874, 
-35.65247584249853, -21.94427190999916, -25.18033988749895, 
-11.47213595499958, -18.70820393249937, -5., -42.124611797498105, 
-25.18033988749895, -28.41640786499874, -11.47213595499958, 
-35.65247584249853, -18.70820393249937, -21.94427190999916, -5., 
-46.124611797498105, -15.47213595499958, -35.65247584249853, -5., 
-42.124611797498105, -11.47213595499958, -31.65247584249853, -1., 
-46.124611797498105, -18.70820393249937, -42.88854381999832, 
-15.47213595499958, -31.65247584249853, -4.23606797749979, 
-28.41640786499874, -1., -40.124611797498105, -31.65247584249853, 
-28.41640786499874, -19.94427190999916, -27.18033988749895, 
-18.70820393249937, -15.47213595499958, -7.}, 
{-11.47213595499958, -27.18033988749895, -19.94427190999916, 
-35.65247584249853, -1., -5., -42.124611797498105, 
-46.124611797498105, -12.23606797749979, -15.47213595499958, 
-31.65247584249853, -34.88854381999832, -5., -18.70820393249937, 
-11.47213595499958, -25.18033988749895, -21.94427190999916, 
-35.65247584249853, -28.41640786499874, -42.124611797498105, 
  1., -4.23606797749979, -7., -12.23606797749979, 
-34.88854381999832, -40.124611797498105, -42.88854381999832, 
-48.124611797498105, -5., -11.47213595499958, -21.94427190999916, 
-28.41640786499874, -18.70820393249937, -25.18033988749895, 
-35.65247584249853, -42.124611797498105, -7., -18.70820393249937, 
-19.94427190999916, -31.65247584249853, -15.47213595499958, 
-27.18033988749895, -28.41640786499874, -40.124611797498105, -1., 
-11.47213595499958, -5., -15.47213595499958, -31.65247584249853, 
-42.124611797498105, -35.65247584249853, -46.124611797498105, 
-1., -4.23606797749979, -15.47213595499958, -18.70820393249937, 
-28.41640786499874, -31.65247584249853, -42.88854381999832, 
-46.124611797498105}, {-27.18033988749895, -11.47213595499958, 
-35.65247584249853, -19.94427190999916, -1., -5., 
-42.124611797498105, -46.124611797498105, -15.47213595499958, 
-12.23606797749979, -34.88854381999832, -31.65247584249853, 
-18.70820393249937, -5., -25.18033988749895, -11.47213595499958, 
-35.65247584249853, -21.94427190999916, -42.124611797498105, 
-28.41640786499874, -4.23606797749979, 
  1., -12.23606797749979, -7., -40.124611797498105, 
-34.88854381999832, -48.124611797498105, -42.88854381999832, 
-11.47213595499958, -5., -28.41640786499874, -21.94427190999916, 
-25.18033988749895, -18.70820393249937, -42.124611797498105, 
-35.65247584249853, -18.70820393249937, -7., -31.65247584249853, 
-19.94427190999916, -27.18033988749895, -15.47213595499958, 
-40.124611797498105, -28.41640786499874, -11.47213595499958, -1., 
-15.47213595499958, -5., -42.124611797498105, -31.65247584249853, 
-46.124611797498105, -35.65247584249853, -4.23606797749979, -1., 
-18.70820393249937, -15.47213595499958, -31.65247584249853, 
-28.41640786499874, -46.124611797498105, -42.88854381999832}, 
{-11.47213595499958, -27.18033988749895, -19.94427190999916, 
-35.65247584249853, -5., -1., -46.124611797498105, 
-42.124611797498105, -31.65247584249853, -34.88854381999832, 
-12.23606797749979, -15.47213595499958, -11.47213595499958, 
-25.18033988749895, -5., -18.70820393249937, -28.41640786499874, 
-42.124611797498105, -21.94427190999916, -35.65247584249853, -7., 
-12.23606797749979, 
  1., -4.23606797749979, -42.88854381999832, -48.124611797498105, 
-34.88854381999832, -40.124611797498105, -21.94427190999916, 
-28.41640786499874, -5., -11.47213595499958, -35.65247584249853, 
-42.124611797498105, -18.70820393249937, -25.18033988749895, 
-19.94427190999916, -31.65247584249853, -7., -18.70820393249937, 
-28.41640786499874, -40.124611797498105, -15.47213595499958, 
-27.18033988749895, -5., -15.47213595499958, -1., 
-11.47213595499958, -35.65247584249853, -46.124611797498105, 
-31.65247584249853, -42.124611797498105, -15.47213595499958, 
-18.70820393249937, -1., -4.23606797749979, -42.88854381999832, 
-46.124611797498105, -28.41640786499874, -31.65247584249853}, 
{-27.18033988749895, -11.47213595499958, -35.65247584249853, 
-19.94427190999916, -5., -1., -46.124611797498105, 
-42.124611797498105, -34.88854381999832, -31.65247584249853, 
-15.47213595499958, -12.23606797749979, -25.18033988749895, 
-11.47213595499958, -18.70820393249937, -5., -42.124611797498105, 
-28.41640786499874, -35.65247584249853, -21.94427190999916, 
-12.23606797749979, -7., -4.23606797749979, 
  1., -48.124611797498105, -42.88854381999832, 
-40.124611797498105, -34.88854381999832, -28.41640786499874, 
-21.94427190999916, -11.47213595499958, -5., -42.124611797498105, 
-35.65247584249853, -25.18033988749895, -18.70820393249937, 
-31.65247584249853, -19.94427190999916, -18.70820393249937, -7., 
-40.124611797498105, -28.41640786499874, -27.18033988749895, 
-15.47213595499958, -15.47213595499958, -5., -11.47213595499958, 
-1., -46.124611797498105, -35.65247584249853, 
-42.124611797498105, -31.65247584249853, -18.70820393249937, 
-15.47213595499958, -4.23606797749979, -1., -46.124611797498105, 
-42.88854381999832, -31.65247584249853, -28.41640786499874}, 
{-19.94427190999916, -35.65247584249853, -11.47213595499958, 
-27.18033988749895, -42.124611797498105, -46.124611797498105, 
-1., -5., -12.23606797749979, -15.47213595499958, 
-31.65247584249853, -34.88854381999832, -21.94427190999916, 
-35.65247584249853, -28.41640786499874, -42.124611797498105, -5., 
-18.70820393249937, -11.47213595499958, -25.18033988749895, 
-34.88854381999832, -40.124611797498105, -42.88854381999832, 
-48.124611797498105, 
  1., -4.23606797749979, -7., -12.23606797749979, 
-18.70820393249937, -25.18033988749895, -35.65247584249853, 
-42.124611797498105, -5., -11.47213595499958, -21.94427190999916, 
-28.41640786499874, -15.47213595499958, -27.18033988749895, 
-28.41640786499874, -40.124611797498105, -7., -18.70820393249937, 
-19.94427190999916, -31.65247584249853, -31.65247584249853, 
-42.124611797498105, -35.65247584249853, -46.124611797498105, 
-1., -11.47213595499958, -5., -15.47213595499958, 
-28.41640786499874, -31.65247584249853, -42.88854381999832, 
-46.124611797498105, -1., -4.23606797749979, -15.47213595499958, 
-18.70820393249937}, {-35.65247584249853, -19.94427190999916, 
-27.18033988749895, -11.47213595499958, -42.124611797498105, 
-46.124611797498105, -1., -5., -15.47213595499958, 
-12.23606797749979, -34.88854381999832, -31.65247584249853, 
-35.65247584249853, -21.94427190999916, -42.124611797498105, 
-28.41640786499874, -18.70820393249937, -5., -25.18033988749895, 
-11.47213595499958, -40.124611797498105, -34.88854381999832, 
-48.124611797498105, -42.88854381999832, -4.23606797749979, 
  1., -12.23606797749979, -7., -25.18033988749895, 
-18.70820393249937, -42.124611797498105, -35.65247584249853, 
-11.47213595499958, -5., -28.41640786499874, -21.94427190999916, 
-27.18033988749895, -15.47213595499958, -40.124611797498105, 
-28.41640786499874, -18.70820393249937, -7., -31.65247584249853, 
-19.94427190999916, -42.124611797498105, -31.65247584249853, 
-46.124611797498105, -35.65247584249853, -11.47213595499958, -1., 
-15.47213595499958, -5., -31.65247584249853, -28.41640786499874, 
-46.124611797498105, -42.88854381999832, -4.23606797749979, -1., 
-18.70820393249937, -15.47213595499958}, {-19.94427190999916, 
-35.65247584249853, -11.47213595499958, -27.18033988749895, 
-46.124611797498105, -42.124611797498105, -5., -1., 
-31.65247584249853, -34.88854381999832, -12.23606797749979, 
-15.47213595499958, -28.41640786499874, -42.124611797498105, 
-21.94427190999916, -35.65247584249853, -11.47213595499958, 
-25.18033988749895, -5., -18.70820393249937, -42.88854381999832, 
-48.124611797498105, -34.88854381999832, -40.124611797498105, 
-7., -12.23606797749979, 
  1., -4.23606797749979, -35.65247584249853, -42.124611797498105, 
-18.70820393249937, -25.18033988749895, -21.94427190999916, 
-28.41640786499874, -5., -11.47213595499958, -28.41640786499874, 
-40.124611797498105, -15.47213595499958, -27.18033988749895, 
-19.94427190999916, -31.65247584249853, -7., -18.70820393249937, 
-35.65247584249853, -46.124611797498105, -31.65247584249853, 
-42.124611797498105, -5., -15.47213595499958, -1., 
-11.47213595499958, -42.88854381999832, -46.124611797498105, 
-28.41640786499874, -31.65247584249853, -15.47213595499958, 
-18.70820393249937, -1., -4.23606797749979}, {-35.65247584249853, 
-19.94427190999916, -27.18033988749895, -11.47213595499958, 
-46.124611797498105, -42.124611797498105, -5., -1., 
-34.88854381999832, -31.65247584249853, -15.47213595499958, 
-12.23606797749979, -42.124611797498105, -28.41640786499874, 
-35.65247584249853, -21.94427190999916, -25.18033988749895, 
-11.47213595499958, -18.70820393249937, -5., -48.124611797498105, 
-42.88854381999832, -40.124611797498105, -34.88854381999832, 
-12.23606797749979, -7., -4.23606797749979, 
  1., -42.124611797498105, -35.65247584249853, 
-25.18033988749895, -18.70820393249937, -28.41640786499874, 
-21.94427190999916, -11.47213595499958, -5., -40.124611797498105, 
-28.41640786499874, -27.18033988749895, -15.47213595499958, 
-31.65247584249853, -19.94427190999916, -18.70820393249937, -7., 
-46.124611797498105, -35.65247584249853, -42.124611797498105, 
-31.65247584249853, -15.47213595499958, -5., -11.47213595499958, 
-1., -46.124611797498105, -42.88854381999832, -31.65247584249853, 
-28.41640786499874, -18.70820393249937, -15.47213595499958, 
-4.23606797749979, -1.}, {-12.23606797749979, -31.65247584249853, 
-15.47213595499958, -34.88854381999832, -11.47213595499958, 
-19.94427190999916, -27.18033988749895, -35.65247584249853, -1., 
-5., -42.124611797498105, -46.124611797498105, -5., 
-21.94427190999916, -18.70820393249937, -35.65247584249853, 
-11.47213595499958, -28.41640786499874, -25.18033988749895, 
-42.124611797498105, -5., -11.47213595499958, -21.94427190999916, 
-28.41640786499874, -18.70820393249937, -25.18033988749895, 
-35.65247584249853, -42.124611797498105, 
  1., -7., -34.88854381999832, -42.88854381999832, 
-4.23606797749979, -12.23606797749979, -40.124611797498105, 
-48.124611797498105, -1., -15.47213595499958, -28.41640786499874, 
-42.88854381999832, -4.23606797749979, -18.70820393249937, 
-31.65247584249853, -46.124611797498105, -7., -19.94427190999916, 
-15.47213595499958, -28.41640786499874, -18.70820393249937, 
-31.65247584249853, -27.18033988749895, -40.124611797498105, -1., 
-5., -31.65247584249853, -35.65247584249853, -11.47213595499958, 
-15.47213595499958, -42.124611797498105, -46.124611797498105}, 
{-31.65247584249853, -12.23606797749979, -34.88854381999832, 
-15.47213595499958, -11.47213595499958, -19.94427190999916, 
-27.18033988749895, -35.65247584249853, -5., -1., 
-46.124611797498105, -42.124611797498105, -21.94427190999916, 
-5., -35.65247584249853, -18.70820393249937, -28.41640786499874, 
-11.47213595499958, -42.124611797498105, -25.18033988749895, 
-11.47213595499958, -5., -28.41640786499874, -21.94427190999916, 
-25.18033988749895, -18.70820393249937, -42.124611797498105, 
-35.65247584249853, -7., 
  1., -42.88854381999832, -34.88854381999832, -12.23606797749979, 
-4.23606797749979, -48.124611797498105, -40.124611797498105, 
-15.47213595499958, -1., -42.88854381999832, -28.41640786499874, 
-18.70820393249937, -4.23606797749979, -46.124611797498105, 
-31.65247584249853, -19.94427190999916, -7., -28.41640786499874, 
-15.47213595499958, -31.65247584249853, -18.70820393249937, 
-40.124611797498105, -27.18033988749895, -5., -1., 
-35.65247584249853, -31.65247584249853, -15.47213595499958, 
-11.47213595499958, -46.124611797498105, -42.124611797498105}, 
{-12.23606797749979, -31.65247584249853, -15.47213595499958, 
-34.88854381999832, -19.94427190999916, -11.47213595499958, 
-35.65247584249853, -27.18033988749895, -42.124611797498105, 
-46.124611797498105, -1., -5., -18.70820393249937, 
-35.65247584249853, -5., -21.94427190999916, -25.18033988749895, 
-42.124611797498105, -11.47213595499958, -28.41640786499874, 
-21.94427190999916, -28.41640786499874, -5., -11.47213595499958, 
-35.65247584249853, -42.124611797498105, -18.70820393249937, 
-25.18033988749895, -34.88854381999832, -42.88854381999832, 
  1., -7., -40.124611797498105, -48.124611797498105, 
-4.23606797749979, -12.23606797749979, -28.41640786499874, 
-42.88854381999832, -1., -15.47213595499958, -31.65247584249853, 
-46.124611797498105, -4.23606797749979, -18.70820393249937, 
-15.47213595499958, -28.41640786499874, -7., -19.94427190999916, 
-27.18033988749895, -40.124611797498105, -18.70820393249937, 
-31.65247584249853, -31.65247584249853, -35.65247584249853, -1., 
-5., -42.124611797498105, -46.124611797498105, 
-11.47213595499958, -15.47213595499958}, {-31.65247584249853, 
-12.23606797749979, -34.88854381999832, -15.47213595499958, 
-19.94427190999916, -11.47213595499958, -35.65247584249853, 
-27.18033988749895, -46.124611797498105, -42.124611797498105, 
-5., -1., -35.65247584249853, -18.70820393249937, 
-21.94427190999916, -5., -42.124611797498105, -25.18033988749895, 
-28.41640786499874, -11.47213595499958, -28.41640786499874, 
-21.94427190999916, -11.47213595499958, -5., -42.124611797498105, 
-35.65247584249853, -25.18033988749895, -18.70820393249937, 
-42.88854381999832, -34.88854381999832, -7., 
  1., -48.124611797498105, -40.124611797498105, 
-12.23606797749979, -4.23606797749979, -42.88854381999832, 
-28.41640786499874, -15.47213595499958, -1., -46.124611797498105, 
-31.65247584249853, -18.70820393249937, -4.23606797749979, 
-28.41640786499874, -15.47213595499958, -19.94427190999916, -7., 
-40.124611797498105, -27.18033988749895, -31.65247584249853, 
-18.70820393249937, -35.65247584249853, -31.65247584249853, -5., 
-1., -46.124611797498105, -42.124611797498105, 
-15.47213595499958, -11.47213595499958}, {-15.47213595499958, 
-34.88854381999832, -12.23606797749979, -31.65247584249853, 
-27.18033988749895, -35.65247584249853, -11.47213595499958, 
-19.94427190999916, -1., -5., -42.124611797498105, 
-46.124611797498105, -11.47213595499958, -28.41640786499874, 
-25.18033988749895, -42.124611797498105, -5., -21.94427190999916, 
-18.70820393249937, -35.65247584249853, -18.70820393249937, 
-25.18033988749895, -35.65247584249853, -42.124611797498105, -5., 
-11.47213595499958, -21.94427190999916, -28.41640786499874, 
-4.23606797749979, -12.23606797749979, -40.124611797498105, 
-48.124611797498105, 
  1., -7., -34.88854381999832, -42.88854381999832, 
-4.23606797749979, -18.70820393249937, -31.65247584249853, 
-46.124611797498105, -1., -15.47213595499958, -28.41640786499874, 
-42.88854381999832, -18.70820393249937, -31.65247584249853, 
-27.18033988749895, -40.124611797498105, -7., -19.94427190999916, 
-15.47213595499958, -28.41640786499874, -11.47213595499958, 
-15.47213595499958, -42.124611797498105, -46.124611797498105, 
-1., -5., -31.65247584249853, -35.65247584249853}, 
{-34.88854381999832, -15.47213595499958, -31.65247584249853, 
-12.23606797749979, -27.18033988749895, -35.65247584249853, 
-11.47213595499958, -19.94427190999916, -5., -1., 
-46.124611797498105, -42.124611797498105, -28.41640786499874, 
-11.47213595499958, -42.124611797498105, -25.18033988749895, 
-21.94427190999916, -5., -35.65247584249853, -18.70820393249937, 
-25.18033988749895, -18.70820393249937, -42.124611797498105, 
-35.65247584249853, -11.47213595499958, -5., -28.41640786499874, 
-21.94427190999916, -12.23606797749979, -4.23606797749979, 
-48.124611797498105, -40.124611797498105, -7., 
  1., -42.88854381999832, -34.88854381999832, -18.70820393249937, 
-4.23606797749979, -46.124611797498105, -31.65247584249853, 
-15.47213595499958, -1., -42.88854381999832, -28.41640786499874, 
-31.65247584249853, -18.70820393249937, -40.124611797498105, 
-27.18033988749895, -19.94427190999916, -7., -28.41640786499874, 
-15.47213595499958, -15.47213595499958, -11.47213595499958, 
-46.124611797498105, -42.124611797498105, -5., -1., 
-35.65247584249853, -31.65247584249853}, {-15.47213595499958, 
-34.88854381999832, -12.23606797749979, -31.65247584249853, 
-35.65247584249853, -27.18033988749895, -19.94427190999916, 
-11.47213595499958, -42.124611797498105, -46.124611797498105, 
-1., -5., -25.18033988749895, -42.124611797498105, 
-11.47213595499958, -28.41640786499874, -18.70820393249937, 
-35.65247584249853, -5., -21.94427190999916, -35.65247584249853, 
-42.124611797498105, -18.70820393249937, -25.18033988749895, 
-21.94427190999916, -28.41640786499874, -5., -11.47213595499958, 
-40.124611797498105, -48.124611797498105, -4.23606797749979, 
-12.23606797749979, -34.88854381999832, -42.88854381999832, 
  1., -7., -31.65247584249853, -46.124611797498105, 
-4.23606797749979, -18.70820393249937, -28.41640786499874, 
-42.88854381999832, -1., -15.47213595499958, -27.18033988749895, 
-40.124611797498105, -18.70820393249937, -31.65247584249853, 
-15.47213595499958, -28.41640786499874, -7., -19.94427190999916, 
-42.124611797498105, -46.124611797498105, -11.47213595499958, 
-15.47213595499958, -31.65247584249853, -35.65247584249853, -1., 
-5.}, {-34.88854381999832, -15.47213595499958, 
-31.65247584249853, -12.23606797749979, -35.65247584249853, 
-27.18033988749895, -19.94427190999916, -11.47213595499958, 
-46.124611797498105, -42.124611797498105, -5., -1., 
-42.124611797498105, -25.18033988749895, -28.41640786499874, 
-11.47213595499958, -35.65247584249853, -18.70820393249937, 
-21.94427190999916, -5., -42.124611797498105, -35.65247584249853, 
-25.18033988749895, -18.70820393249937, -28.41640786499874, 
-21.94427190999916, -11.47213595499958, -5., -48.124611797498105, 
-40.124611797498105, -12.23606797749979, -4.23606797749979, 
-42.88854381999832, -34.88854381999832, -7., 
  1., -46.124611797498105, -31.65247584249853, 
-18.70820393249937, -4.23606797749979, -42.88854381999832, 
-28.41640786499874, -15.47213595499958, -1., -40.124611797498105, 
-27.18033988749895, -31.65247584249853, -18.70820393249937, 
-28.41640786499874, -15.47213595499958, -19.94427190999916, -7., 
-46.124611797498105, -42.124611797498105, -15.47213595499958, 
-11.47213595499958, -35.65247584249853, -31.65247584249853, -5., 
-1.}, {-5., -40.124611797498105, -7., -42.124611797498105, 
-15.47213595499958, -21.94427190999916, -25.18033988749895, 
-31.65247584249853, -4.23606797749979, -11.47213595499958, 
-35.65247584249853, -42.88854381999832, -1., -31.65247584249853, 
-11.47213595499958, -42.124611797498105, -5., -35.65247584249853, 
-15.47213595499958, -46.124611797498105, -7., -18.70820393249937, 
-19.94427190999916, -31.65247584249853, -15.47213595499958, 
-27.18033988749895, -28.41640786499874, -40.124611797498105, -1., 
-15.47213595499958, -28.41640786499874, -42.88854381999832, 
-4.23606797749979, -18.70820393249937, -31.65247584249853, 
-46.124611797498105, 
  1., -25.18033988749895, -19.94427190999916, 
-46.124611797498105, -1., -27.18033988749895, -21.94427190999916, 
-48.124611797498105, -5., -28.41640786499874, -11.47213595499958, 
-34.88854381999832, -12.23606797749979, -35.65247584249853, 
-18.70820393249937, -42.124611797498105, -5., -12.23606797749979, 
-28.41640786499874, -35.65247584249853, -11.47213595499958, 
-18.70820393249937, -34.88854381999832, -42.124611797498105}, 
{-40.124611797498105, -5., -42.124611797498105, -7., 
