{{1., -1., -1., -1., -1., -1., -1., -1., -1., -1., -1.}, 
{-1., 1., -1., -6.236067977499788, -12.708203932499368, 
-17.944271909999156, -19.944271909999156, -17.944271909999156, 
-12.708203932499368, -6.236067977499788, -1.}, {-1., -1., 
  1., -1., -6.236067977499788, -12.708203932499368, 
-17.944271909999156, -19.944271909999156, -17.944271909999156, 
-12.708203932499368, -6.236067977499788}, {-1., 
-6.236067977499788, -1., 
  1., -1., -6.236067977499788, -12.708203932499368, 
-17.944271909999156, -19.944271909999156, -17.944271909999156, 
-12.708203932499368}, {-1., -12.708203932499368, 
-6.236067977499788, -1., 
  1., -1., -6.236067977499788, -12.708203932499368, 
-17.944271909999156, -19.944271909999156, -17.944271909999156}, 
{-1., -17.944271909999156, -12.708203932499368, 
-6.236067977499788, -1., 
  1., -1., -6.236067977499788, -12.708203932499368, 
-17.944271909999156, -19.944271909999156}, {-1., 
-19.944271909999156, -17.944271909999156, -12.708203932499368, 
-6.236067977499788, -1., 
  1., -1., -6.236067977499788, -12.708203932499368, 
-17.944271909999156}, {-1., -17.944271909999156, 
-19.944271909999156, -17.944271909999156, -12.708203932499368, 
-6.236067977499788, -1., 
  1., -1., -6.236067977499788, -12.708203932499368}, {-1., 
-12.708203932499368, -17.944271909999156, -19.944271909999156, 
-17.944271909999156, -12.708203932499368, -6.236067977499788, -1.,
   1., -1., -6.236067977499788}, {-1., -6.236067977499788, 
-12.708203932499368, -17.944271909999156, -19.944271909999156, 
-17.944271909999156, -12.708203932499368, -6.236067977499788, -1.,
   1., -1.}, {-1., -1., -6.236067977499788, 
-12.708203932499368, -17.944271909999156, -19.944271909999156, 
-17.944271909999156, -12.708203932499368, -6.236067977499788, -1.,
   1.}}

{{0, 1, 10}, {0, 2, 1}, {0, 3, 2}, {0, 4, 3}, {0, 5, 4}, {0, 6, 
  5}, {0, 7, 6}, {0, 8, 7}, {0, 9, 8}, {0, 10, 9}, {1, 2, 3, 4, 5, 6, 
  7, 8, 9, 10}}
