{{1, -4.804226065186521, -19.999887182232897, -38.782757285952165, 
-53.97841840299881, -59.7826444681849, -53.978418402998436, 
-38.78275728595215, -19.999887182232612, -4.804226065186459, -1, 
-1, -12.040294042694525, -29.90386504956244, -47.76743605643008, 
-58.807730099121954, -58.80773009912153, -47.76743605643019, 
-29.903865049562352, -12.040294042694407, -1, 
-2.0514622242389695}, {-4.804226065186521, 
  1, -4.804226065186487, -19.99988718223254, -38.78275728595223, 
-53.97841840299808, -59.78264446818454, -53.97841840299809, 
-38.78275728595193, -19.99988718223262, -12.04029404269435, -1, 
-1, -12.040294042694375, -29.90386504956202, -47.767436056430086, 
-58.807730099121194, -58.80773009912137, -47.76743605642995, 
-29.90386504956212, -1, -2.051462224238944}, {-19.999887182232897, 
-4.804226065186487, 
  1, -4.804226065186416, -19.99988718223267, -38.7827572859519, 
-53.97841840299809, -59.78264446818454, -53.97841840299809, 
-38.78275728595211, -29.903865049562203, -12.040294042694502, -1, 
-1, -12.040294042694285, -29.90386504956224, -47.76743605642977, 
-58.80773009912136, -58.80773009912139, -47.76743605642993, -1, 
-2.05146222423895}, {-38.782757285952165, -19.99988718223254, 
-4.804226065186416, 
  1, -4.804226065186382, -19.999887182232275, -38.78275728595154, 
-53.978418402997555, -59.78264446818392, -53.97841840299775, 
-47.76743605642958, -29.903865049562153, -12.040294042694352, -1, 
-1, -12.040294042694283, -29.90386504956175, -47.767436056429396, 
-58.80773009912077, -58.80773009912081, -1, -2.051462224238944}, 
{-53.97841840299881, -38.78275728595223, -19.99988718223267, 
-4.804226065186382, 
  1, -4.8042260651864, -19.99988718223255, -38.78275728595199, 
-53.97841840299809, -59.782644468184685, -58.807730099121535, 
-47.76743605643035, -29.90386504956227, -12.040294042694452, -1, 
-1, -12.040294042694383, -29.90386504956214, -47.76743605642986, 
-58.807730099121365, -1, -2.0514622242389717}, {-59.7826444681849, 
-53.97841840299808, -38.7827572859519, -19.999887182232275, 
-4.8042260651864, 
  1, -4.804226065186408, -19.9998871822325, -38.78275728595177, 
-53.978418402997924, -58.807730099121194, -58.80773009912152, 
-47.76743605642972, -29.90386504956203, -12.040294042694219, -1, 
-1, -12.04029404269432, -29.90386504956192, -47.76743605642962, 
-1, -2.051462224238946}, {-53.978418402998436, -59.78264446818454, 
-53.97841840299809, -38.78275728595154, -19.99988718223255, 
-4.804226065186408, 
  1, -4.8042260651864215, -19.999887182232463, -38.78275728595184, 
-47.76743605642979, -58.80773009912156, -58.807730099121166, 
-47.76743605642976, -29.90386504956183, -12.040294042694267, -1, 
-1, -12.040294042694232, -29.903865049561933, -1, 
-2.051462224238928}, {-38.78275728595215, -53.97841840299809, 
-59.78264446818454, -53.978418402997555, -38.78275728595199, 
-19.9998871822325, -4.8042260651864215, 
  1, -4.804226065186393, -19.99988718223246, -29.90386504956205, 
-47.76743605643005, -58.807730099121144, -58.80773009912119, 
-47.76743605642946, -29.90386504956202, -12.040294042694235, -1, 
-1, -12.040294042694242, -1, -2.0514622242389335}, 
{-19.999887182232612, -38.78275728595193, -53.97841840299809, 
-59.78264446818392, -53.97841840299809, -38.78275728595177, 
-19.999887182232463, -4.804226065186393, 
  1, -4.804226065186388, -12.040294042694347, -29.90386504956224, 
-47.76743605642971, -58.807730099121144, -58.8077300991208, 
-47.76743605642973, -29.90386504956184, -12.040294042694345, -1, 
-1, -1, -2.0514622242389535}, {-4.804226065186459, 
-19.99988718223262, -38.78275728595211, -53.97841840299775, 
-59.782644468184685, -53.978418402997924, -38.78275728595184, 
-19.99988718223246, -4.804226065186388, 
  1, -1, -12.040294042694496, -29.903865049562132, 
-47.76743605642988, -58.807730099120974, -58.80773009912134, 
-47.76743605642955, -29.903865049562064, -12.040294042694388, -1, 
-1, -2.051462224238965}, {-1, -12.04029404269435, 
-29.903865049562203, -47.76743605642958, -58.807730099121535, 
-58.807730099121194, -47.76743605642979, -29.90386504956205, 
-12.040294042694347, -1, 
  1, -4.804226065186451, -19.999887182232488, -38.78275728595188, 
-53.978418402997704, -59.78264446818453, -53.97841840299774, 
-38.78275728595189, -19.9998871822326, -4.804226065186445, 
-2.051462224238943, -1}, {-1, -1, -12.040294042694502, 
-29.903865049562153, -47.76743605643035, -58.80773009912152, 
-58.80773009912156, -47.76743605643005, -29.90386504956224, 
-12.040294042694496, -4.804226065186451, 
  1, -4.804226065186437, -19.999887182232627, -38.78275728595192, 
-53.978418402998436, -59.78264446818449, -53.978418402998265, 
-38.782757285952165, -19.999887182232655, -2.0514622242389744, 
-1}, {-12.040294042694525, -1, -1, -12.040294042694352, 
-29.90386504956227, -47.76743605642972, -58.807730099121166, 
-58.807730099121144, -47.76743605642971, -29.903865049562132, 
-19.999887182232488, -4.804226065186437, 
  1, -4.8042260651864215, -19.999887182232424, -38.782757285952, 
-53.978418402997754, -59.78264446818429, -53.97841840299793, 
-38.78275728595182, -2.051462224238964, -1}, {-29.90386504956244, 
-12.040294042694375, -1, -1, -12.040294042694452, 
-29.90386504956203, -47.76743605642976, -58.80773009912119, 
-58.807730099121144, -47.76743605642988, -38.78275728595188, 
-19.999887182232627, -4.8042260651864215, 
  1, -4.804226065186404, -19.999887182232627, -38.782757285951774,
   -53.97841840299791, -59.78264446818432, -53.97841840299791, 
-2.0514622242389517, -1}, {-47.76743605643008, -29.90386504956202, 
-12.040294042694285, -1, -1, -12.040294042694219, 
-29.90386504956183, -47.76743605642946, -58.8077300991208, 
-58.807730099120974, -53.978418402997704, -38.78275728595192, 
-19.999887182232424, -4.804226065186404, 
  1, -4.8042260651864295, -19.99988718223235, -38.782757285951575, 
-53.97841840299755, -59.78264446818396, -2.051462224238926, -1}, 
{-58.807730099121954, -47.767436056430086, -29.90386504956224, 
-12.040294042694283, -1, -1, -12.040294042694267, 
-29.90386504956202, -47.76743605642973, -58.80773009912134, 
-59.78264446818453, -53.978418402998436, -38.782757285952, 
-19.999887182232627, -4.8042260651864295, 
  1, -4.804226065186396, -19.999887182232435, -38.78275728595174, 
-53.9784184029979, -2.051462224238941, -1}, {-58.80773009912153, 
-58.807730099121194, -47.76743605642977, -29.90386504956175, 
-12.040294042694383, -1, -1, -12.040294042694235, 
-29.90386504956184, -47.76743605642955, -53.97841840299774, 
-59.78264446818449, -53.978418402997754, -38.782757285951774, 
-19.99988718223235, -4.804226065186396, 
  1, -4.804226065186337, -19.99988718223225, -38.78275728595154, 
-2.0514622242389464, -1}, {-47.76743605643019, -58.80773009912137, 
-58.80773009912136, -47.767436056429396, -29.90386504956214, 
-12.04029404269432, -1, -1, -12.040294042694345, 
-29.903865049562064, -38.78275728595189, -53.978418402998265, 
-59.78264446818429, -53.97841840299791, -38.782757285951575, 
-19.999887182232435, -4.804226065186337, 
  1, -4.804226065186356, -19.99988718223243, -2.0514622242389615, 
-1}, {-29.903865049562352, -47.76743605642995, -58.80773009912139, 
-58.80773009912077, -47.76743605642986, -29.90386504956192, 
-12.040294042694232, -1, -1, -12.040294042694388, 
-19.9998871822326, -38.782757285952165, -53.97841840299793, 
-59.78264446818432, -53.97841840299755, -38.78275728595174, 
-19.99988718223225, -4.804226065186356, 
  1, -4.804226065186424, -2.051462224238944, -1}, 
{-12.040294042694407, -29.90386504956212, -47.76743605642993, 
-58.80773009912081, -58.807730099121365, -47.76743605642962, 
-29.903865049561933, -12.040294042694242, -1, -1, 
-4.804226065186445, -19.999887182232655, -38.78275728595182, 
-53.97841840299791, -59.78264446818396, -53.9784184029979, 
-38.78275728595154, -19.99988718223243, -4.804226065186424, 
  1, -2.05146222423893, -1}, {-1, -1, -1, -1, -1, -1, -1, -1, -1, 
-1, -2.051462224238943, -2.0514622242389744, -2.051462224238964, 
-2.0514622242389517, -2.051462224238926, -2.051462224238941, 
-2.0514622242389464, -2.0514622242389615, -2.051462224238944, 
-2.05146222423893, 
  1, -1.1570350332381816}, {-2.0514622242389695, 
-2.051462224238944, -2.05146222423895, -2.051462224238944, 
-2.0514622242389717, -2.051462224238946, -2.051462224238928, 
-2.0514622242389335, -2.0514622242389535, -2.051462224238965, -1, 
-1, -1, -1, -1, -1, -1, -1, -1, -1, -1.1570350332381816, 1}}

{{0, 10, 21, 11}, {0, 11, 1, 20}, {0, 20, 9, 10}, {1, 11, 21, 12}, {1,
   12, 2, 20}, {2, 12, 21, 13}, {2, 13, 3, 20}, {3, 13, 21, 14}, {3, 
  14, 4, 20}, {4, 14, 21, 15}, {4, 15, 5, 20}, {5, 15, 21, 16}, {5, 
  16, 6, 20}, {6, 16, 21, 17}, {6, 17, 7, 20}, {7, 17, 21, 18}, {7, 
  18, 8, 20}, {8, 18, 21, 19}, {8, 19, 9, 20}, {9, 19, 21, 10}}
