{{1, -4.603875471609728, -17.195669358089372, -27.293504037134028, 
-27.293504037134024, -17.195669358089397, -4.603875471609722, -1, 
-1, -11.097834679044736, -23.68962856552439, -29.29350403713411, 
-23.689628565524348, -11.097834679044773, -1, 
-2.1099162641748395}, {-4.603875471609728, 
  1, -4.603875471609711, -17.195669358089315, -27.293504037133978, 
-27.29350403713407, -17.19566935808935, -11.09783467904471, -1, 
-1, -11.097834679044713, -23.689628565524337, -29.293504037134017, 
-23.689628565524426, -1, -2.109916264174834}, 
{-17.195669358089372, -4.603875471609711, 
  1, -4.603875471609712, -17.19566935808932, -27.293504037134067, 
-27.29350403713402, -23.689628565524316, -11.097834679044697, -1, 
-1, -11.097834679044714, -23.689628565524323, -29.293504037134156, 
-1, -2.109916264174835}, {-27.293504037134028, 
-17.195669358089315, -4.603875471609712, 
  1, -4.603875471609698, -17.195669358089347, -27.29350403713398, 
-29.293504037133978, -23.68962856552428, -11.097834679044709, -1, 
-1, -11.09783467904469, -23.68962856552439, -1, 
-2.1099162641748315}, {-27.293504037134024, -27.293504037133978, 
-17.19566935808932, -4.603875471609698, 
  1, -4.603875471609718, -17.195669358089315, -23.689628565524277, 
-29.293504037133978, -23.689628565524316, -11.097834679044704, -1, 
-1, -11.097834679044743, -1, -2.109916264174833}, 
{-17.195669358089397, -27.29350403713407, -27.293504037134067, 
-17.195669358089347, -4.603875471609718, 
  1, -4.60387547160972, -11.097834679044714, -23.689628565524355, 
-29.29350403713411, -23.689628565524387, -11.09783467904475, -1, 
-1, -1, -2.1099162641748386}, {-4.603875471609722, 
-17.19566935808935, -27.29350403713402, -27.29350403713398, 
-17.195669358089315, -4.60387547160972, 
  1, -1, -11.09783467904471, -23.689628565524345, 
-29.293504037134056, -23.689628565524348, -11.097834679044695, -1, 
-1, -2.109916264174834}, {-1, -11.09783467904471, 
-23.689628565524316, -29.293504037133978, -23.689628565524277, 
-11.097834679044714, -1, 
  1, -4.6038754716097054, -17.19566935808932, -27.293504037133985, 
-27.29350403713398, -17.195669358089283, -4.603875471609719, 
-2.1099162641748332, -1}, {-1, -1, -11.097834679044697, 
-23.68962856552428, -29.293504037133978, -23.689628565524355, 
-11.09783467904471, -4.6038754716097054, 
  1, -4.603875471609701, -17.195669358089315, -27.293504037133978, 
-27.293504037133946, -17.195669358089383, -2.109916264174833, -1}, 
{-11.097834679044736, -1, -1, -11.097834679044709, 
-23.689628565524316, -29.29350403713411, -23.689628565524345, 
-17.19566935808932, -4.603875471609701, 
  1, -4.603875471609716, -17.19566935808934, -27.29350403713399, 
-27.293504037134106, -2.1099162641748364, -1}, 
{-23.68962856552439, -11.097834679044713, -1, -1, 
-11.097834679044704, -23.689628565524387, -29.293504037134056, 
-27.293504037133985, -17.195669358089315, -4.603875471609716, 
  1, -4.60387547160971, -17.195669358089326, -27.293504037134106, 
-2.1099162641748364, -1}, {-29.29350403713411, 
-23.689628565524337, -11.097834679044714, -1, -1, 
-11.09783467904475, -23.689628565524348, -27.29350403713398, 
-27.293504037133978, -17.19566935808934, -4.60387547160971, 
  1, -4.603875471609714, -17.195669358089404, -2.109916264174836, 
-1}, {-23.689628565524348, -29.293504037134017, 
-23.689628565524323, -11.09783467904469, -1, -1, 
-11.097834679044695, -17.195669358089283, -27.293504037133946, 
-27.29350403713399, -17.195669358089326, -4.603875471609714, 
  1, -4.60387547160972, -2.109916264174833, -1}, 
{-11.097834679044773, -23.689628565524426, -29.293504037134156, 
-23.68962856552439, -11.097834679044743, -1, -1, 
-4.603875471609719, -17.195669358089383, -27.293504037134106, 
-27.293504037134106, -17.195669358089404, -4.60387547160972, 
  1, -2.109916264174844, -1}, {-1, -1, -1, -1, -1, -1, -1, 
-2.1099162641748332, -2.109916264174833, -2.1099162641748364, 
-2.1099162641748364, -2.109916264174836, -2.109916264174833, 
-2.109916264174844, 
  1, -1.3418303776543885}, {-2.1099162641748395, 
-2.109916264174834, -2.109916264174835, -2.1099162641748315, 
-2.109916264174833, -2.1099162641748386, -2.109916264174834, -1, 
-1, -1, -1, -1, -1, -1, -1.3418303776543885, 1}}

{{0, 7, 15, 8}, {0, 8, 1, 14}, {0, 14, 6, 7}, {1, 8, 15, 9}, {1, 9, 2,
   14}, {2, 9, 15, 10}, {2, 10, 3, 14}, {3, 10, 15, 11}, {3, 11, 4, 
  14}, {4, 11, 15, 12}, {4, 12, 5, 14}, {5, 12, 15, 13}, {5, 13, 6, 
  14}, {6, 13, 15, 7}}
