{{1, -4.464101615137603, -15.392304845412859, -20.856406460550392, 
-15.392304845412845, -4.4641016151376185, -1, -1, 
-10.464101615137352, -19.928203230274864, -19.928203230274885, 
-10.464101615137352, -1, -2.154700538379152}, {-4.464101615137603, 
  1, -4.464101615137601, -15.392304845412724, -20.856406460550364, 
-15.392304845412795, -10.464101615137348, -1, -1, 
-10.464101615137315, -19.9282032302748, -19.92820323027476, -1, 
-2.154700538379143}, {-15.392304845412859, -4.464101615137601, 
  1, -4.464101615137591, -15.392304845412824, -20.856406460550467, 
-19.928203230274907, -10.464101615137343, -1, -1, 
-10.464101615137366, -19.928203230274825, -1, -2.15470053837915}, 
{-20.856406460550392, -15.392304845412724, -4.464101615137591, 
  1, -4.464101615137582, -15.392304845412777, -19.92820323027482, 
-19.928203230274736, -10.464101615137292, -1, -1, 
-10.464101615137292, -1, -2.1547005383791404}, 
{-15.392304845412845, -20.856406460550364, -15.392304845412824, 
-4.464101615137582, 
  1, -4.464101615137614, -10.464101615137379, -19.9282032302748, 
-19.928203230274796, -10.464101615137334, -1, -1, -1, 
-2.1547005383791475}, {-4.4641016151376185, -15.392304845412795, 
-20.856406460550467, -15.392304845412777, -4.464101615137614, 
  1, -1, -10.46410161513734, -19.928203230274825, 
-19.928203230274843, -10.464101615137363, -1, -1, 
-2.15470053837915}, {-1, -10.464101615137348, -19.928203230274907, 
-19.92820323027482, -10.464101615137379, -1, 
  1, -4.4641016151376025, -15.39230484541281, -20.856406460550435, 
-15.392304845412841, -4.464101615137605, -2.1547005383791533, -1}, 
{-1, -1, -10.464101615137343, -19.928203230274736, 
-19.9282032302748, -10.46410161513734, -4.4641016151376025, 
  1, -4.464101615137583, -15.39230484541276, -20.85640646055037, 
-15.392304845412745, -2.1547005383791444, -1}, 
{-10.464101615137352, -1, -1, -10.464101615137292, 
-19.928203230274796, -19.928203230274825, -15.39230484541281, 
-4.464101615137583, 
  1, -4.464101615137586, -15.392304845412774, -20.85640646055033, 
-2.1547005383791444, -1}, {-19.928203230274864, 
-10.464101615137315, -1, -1, -10.464101615137334, 
-19.928203230274843, -20.856406460550435, -15.39230484541276, 
-4.464101615137586, 
  1, -4.464101615137599, -15.39230484541276, -2.1547005383791458, 
-1}, {-19.928203230274885, -19.9282032302748, -10.464101615137366, 
-1, -1, -10.464101615137363, -15.392304845412841, 
-20.85640646055037, -15.392304845412774, -4.464101615137599, 
  1, -4.46410161513759, -2.1547005383791484, -1}, 
{-10.464101615137352, -19.92820323027476, -19.928203230274825, 
-10.464101615137292, -1, -1, -4.464101615137605, 
-15.392304845412745, -20.85640646055033, -15.39230484541276, 
-4.46410161513759, 
  1, -2.154700538379144, -1}, {-1, -1, -1, -1, -1, -1, 
-2.1547005383791533, -2.1547005383791444, -2.1547005383791444, 
-2.1547005383791458, -2.1547005383791484, -2.154700538379144, 
  1, -1.488033871712573}, {-2.154700538379152, -2.154700538379143, 
-2.15470053837915, -2.1547005383791404, -2.1547005383791475, 
-2.15470053837915, -1, -1, -1, -1, -1, -1, -1.488033871712573, 1}}

{{0, 6, 13, 7}, {0, 7, 1, 12}, {0, 12, 5, 6}, {1, 7, 13, 8}, {1, 8, 2,
   12}, {2, 8, 13, 9}, {2, 9, 3, 12}, {3, 9, 13, 10}, {3, 10, 4, 
  12}, {4, 10, 13, 11}, {4, 11, 5, 12}, {5, 11, 13, 6}}
