{{1, -4.758770483145208, -19.340489221912414, -35.92220796068025, 
-46.74515621630243, -46.74515621630245, -35.922207960679984, 
-19.340489221912264, -4.758770483145217, -1, -1, 
-11.822948255623324, -28.404666994391103, -42.98638573315817, 
-48.745156216303144, -42.98638573315819, -28.404666994390936, 
-11.82294825562326, -1, -2.0641777724761505}, {-4.758770483145208, 
  1, -4.758770483145257, -19.340489221912605, -35.92220796068024, 
-46.745156216302796, -46.74515621630282, -35.922207960680176, 
-19.340489221912545, -11.822948255623421, -1, -1, 
-11.82294825562346, -28.40466699439122, -42.986385733158286, 
-48.745156216303776, -42.986385733158414, -28.404666994391118, -1, 
-2.0641777724761754}, {-19.340489221912414, -4.758770483145257, 
  1, -4.7587704831452875, -19.34048922191251, -35.92220796068034, 
-46.745156216302924, -46.74515621630282, -35.92220796068046, 
-28.404666994391278, -11.822948255623407, -1, -1, 
-11.822948255623437, -28.404666994391153, -42.98638573315864, 
-48.74515621630377, -42.98638573315841, -1, -2.0641777724761745}, 
{-35.92220796068025, -19.340489221912605, -4.7587704831452875, 
  1, -4.758770483145265, -19.340489221912573, -35.92220796068045, 
-46.745156216302945, -46.745156216303194, -42.986385733158656, 
-28.40466699439127, -11.822948255623457, -1, -1, 
-11.8229482556234, -28.404666994391416, -42.98638573315864, 
-48.74515621630377, -1, -2.0641777724761754}, {-46.74515621630243, 
-35.92220796068024, -19.34048922191251, -4.758770483145265, 
  1, -4.758770483145223, -19.340489221912417, -35.92220796068008, 
-46.74515621630281, -48.74515621630351, -42.986385733158194, 
-28.40466699439115, -11.822948255623398, -1, -1, 
-11.822948255623398, -28.40466699439112, -42.98638573315819, -1, 
-2.0641777724761625}, {-46.74515621630245, -46.745156216302796, 
-35.92220796068034, -19.340489221912573, -4.758770483145223, 
  1, -4.75877048314522, -19.340489221912378, -35.922207960680254, 
-42.98638573315828, -48.745156216303386, -42.98638573315839, 
-28.40466699439123, -11.822948255623404, -1, -1, 
-11.822948255623372, -28.404666994391032, -1, -2.064177772476167}, 
{-35.922207960679984, -46.74515621630282, -46.745156216302924, 
-35.92220796068045, -19.340489221912417, -4.75877048314522, 
  1, -4.758770483145214, -19.34048922191246, -28.40466699439108, 
-42.98638573315817, -48.74515621630364, -42.9863857331585, 
-28.404666994391192, -11.822948255623329, -1, -1, 
-11.822948255623329, -1, -2.064177772476164}, 
{-19.340489221912264, -35.922207960680176, -46.74515621630282, 
-46.745156216302945, -35.92220796068008, -19.340489221912378, 
-4.758770483145214, 
  1, -4.758770483145209, -11.82294825562329, -28.40466699439092, 
-42.98638573315831, -48.74515621630364, -42.986385733158315, 
-28.404666994390976, -11.82294825562334, -1, -1, -1, 
-2.0641777724761567}, {-4.758770483145217, -19.340489221912545, 
-35.92220796068046, -46.745156216303194, -46.74515621630281, 
-35.922207960680254, -19.34048922191246, -4.758770483145209, 
  1, -1, -11.822948255623338, -28.404666994391274, 
-42.986385733158656, -48.74515621630377, -42.9863857331583, 
-28.40466699439122, -11.822948255623354, -1, -1, 
-2.064177772476168}, {-1, -11.822948255623421, 
-28.404666994391278, -42.986385733158656, -48.74515621630351, 
-42.98638573315828, -28.40466699439108, -11.82294825562329, -1, 
  1, -4.758770483145208, -19.340489221912513, -35.92220796068038, 
-46.74515621630282, -46.745156216302576, -35.922207960680225, 
-19.34048922191237, -4.758770483145187, -2.0641777724761674, -1}, 
{-1, -1, -11.822948255623407, -28.40466699439127, 
-42.986385733158194, -48.745156216303386, -42.98638573315817, 
-28.40466699439092, -11.822948255623338, -4.758770483145208, 
  1, -4.758770483145249, -19.340489221912506, -35.92220796068017, 
-46.74515621630246, -46.74515621630269, -35.92220796068003, 
-19.340489221912293, -2.064177772476159, -1}, 
{-11.822948255623324, -1, -1, -11.822948255623457, 
-28.40466699439115, -42.98638573315839, -48.74515621630364, 
-42.98638573315831, -28.404666994391274, -19.340489221912513, 
-4.758770483145249, 
  1, -4.758770483145265, -19.340489221912488, -35.92220796068014, 
-46.745156216302945, -46.74515621630282, -35.92220796068018, 
-2.0641777724761656, -1}, {-28.404666994391103, 
-11.82294825562346, -1, -1, -11.822948255623398, 
-28.40466699439123, -42.9863857331585, -48.74515621630364, 
-42.986385733158656, -35.92220796068038, -19.340489221912506, 
-4.758770483145265, 
  1, -4.758770483145242, -19.34048922191243, -35.92220796068045, 
-46.74515621630293, -46.74515621630282, -2.064177772476179, -1}, 
{-42.98638573315817, -28.40466699439122, -11.822948255623437, -1, 
-1, -11.822948255623404, -28.404666994391192, -42.986385733158315, 
-48.74515621630377, -46.74515621630282, -35.92220796068017, 
-19.340489221912488, -4.758770483145242, 
  1, -4.758770483145223, -19.34048922191255, -35.92220796068029, 
-46.745156216302696, -2.0641777724761745, -1}, 
{-48.745156216303144, -42.986385733158286, -28.404666994391153, 
-11.8229482556234, -1, -1, -11.822948255623329, 
-28.404666994390976, -42.9863857331583, -46.745156216302576, 
-46.74515621630246, -35.92220796068014, -19.34048922191243, 
-4.758770483145223, 
  1, -4.758770483145239, -19.340489221912396, -35.92220796068, 
-2.0641777724761576, -1}, {-42.98638573315819, 
-48.745156216303776, -42.98638573315864, -28.404666994391416, 
-11.822948255623398, -1, -1, -11.82294825562334, 
-28.40466699439122, -35.922207960680225, -46.74515621630269, 
-46.745156216302945, -35.92220796068045, -19.34048922191255, 
-4.758770483145239, 
  1, -4.758770483145232, -19.340489221912403, -2.0641777724761696, 
-1}, {-28.404666994390936, -42.986385733158414, 
-48.74515621630377, -42.98638573315864, -28.40466699439112, 
-11.822948255623372, -1, -1, -11.822948255623354, 
-19.34048922191237, -35.92220796068003, -46.74515621630282, 
-46.74515621630293, -35.92220796068029, -19.340489221912396, 
-4.758770483145232, 
  1, -4.758770483145196, -2.064177772476165, -1}, 
{-11.82294825562326, -28.404666994391118, -42.98638573315841, 
-48.74515621630377, -42.98638573315819, -28.404666994391032, 
-11.822948255623329, -1, -1, -4.758770483145187, 
-19.340489221912293, -35.92220796068018, -46.74515621630282, 
-46.745156216302696, -35.92220796068, -19.340489221912403, 
-4.758770483145196, 
  1, -2.0641777724761625, -1}, {-1, -1, -1, -1, -1, -1, -1, -1, -1, 
-2.0641777724761674, -2.064177772476159, -2.0641777724761656, 
-2.064177772476179, -2.0641777724761745, -2.0641777724761576, 
-2.0641777724761696, -2.064177772476165, -2.0641777724761625, 
  1, -1.1966521039076596}, {-2.0641777724761505, 
-2.0641777724761754, -2.0641777724761745, -2.0641777724761754, 
-2.0641777724761625, -2.064177772476167, -2.064177772476164, 
-2.0641777724761567, -2.064177772476168, -1, -1, -1, -1, -1, -1, 
-1, -1, -1, -1.1966521039076596, 1}}

{{0, 9, 19, 10}, {0, 10, 1, 18}, {0, 18, 8, 9}, {1, 10, 19, 11}, {1, 
  11, 2, 18}, {2, 11, 19, 12}, {2, 12, 3, 18}, {3, 12, 19, 13}, {3, 
  13, 4, 18}, {4, 13, 19, 14}, {4, 14, 5, 18}, {5, 14, 19, 15}, {5, 
  15, 6, 18}, {6, 15, 19, 16}, {6, 16, 7, 18}, {7, 16, 19, 17}, {7, 
  17, 8, 18}, {8, 17, 19, 9}}
