{{1, -4.695518130045547, -18.44571524434333, -32.19591235864112, 
-37.89143048868666, -32.19591235864112, -18.445715244343404, 
-4.695518130045547, -1, -1, -11.523945254792281, 
-26.407051363791197, -36.93099661858326, -36.93099661858326, 
-26.407051363791197, -11.523945254792288, -1, -2.082392200292519}, 
{-4.695518130045547, 
  1, -4.69551813004556, -18.445715244343397, -32.195912358641245, 
-37.89143048868681, -32.19591235864139, -18.44571524434341, 
-11.523945254792315, -1, -1, -11.523945254792334, 
-26.407051363791304, -36.9309966185834, -36.93099661858341, 
-26.4070513637913, -1, -2.082392200292529}, {-18.44571524434333, 
-4.69551813004556, 
  1, -4.6955181300455395, -18.445715244343365, -32.19591235864118, 
-37.8914304886869, -32.19591235864119, -26.407051363791204, 
-11.523945254792364, -1, -1, -11.523945254792315, 
-26.407051363791247, -36.93099661858333, -36.93099661858333, -1, 
-2.082392200292526}, {-32.19591235864112, -18.445715244343397, 
-4.6955181300455395, 
  1, -4.695518130045551, -18.445715244343372, -32.19591235864133, 
-37.89143048868673, -36.93099661858326, -26.407051363791364, 
-11.52394525479231, -1, -1, -11.52394525479231, 
-26.407051363791247, -36.93099661858333, -1, -2.0823922002925244}, 
{-37.89143048868666, -32.195912358641245, -18.445715244343365, 
-4.695518130045551, 
  1, -4.695518130045546, -18.445715244343443, -32.19591235864117, 
-36.93099661858326, -36.930996618583485, -26.407051363791254, 
-11.523945254792306, -1, -1, -11.523945254792306, 
-26.40705136379125, -1, -2.082392200292523}, {-32.19591235864112, 
-37.89143048868681, -32.19591235864118, -18.445715244343372, 
-4.695518130045546, 
  1, -4.695518130045573, -18.445715244343358, -26.407051363791197, 
-36.930996618583485, -36.93099661858333, -26.407051363791247, 
-11.523945254792306, -1, -1, -11.523945254792308, -1, 
-2.082392200292524}, {-18.445715244343404, -32.19591235864139, 
-37.8914304886869, -32.19591235864133, -18.445715244343443, 
-4.695518130045573, 
  1, -4.6955181300455635, -11.523945254792332, -26.40705136379147, 
-36.930996618583485, -36.930996618583485, -26.407051363791364, 
-11.523945254792366, -1, -1, -1, -2.082392200292534}, 
{-4.695518130045547, -18.44571524434341, -32.19591235864119, 
-37.89143048868673, -32.19591235864117, -18.445715244343358, 
-4.6955181300455635, 
  1, -1, -11.523945254792364, -26.40705136379125, 
-36.93099661858333, -36.93099661858332, -26.407051363791247, 
-11.523945254792304, -1, -1, -2.082392200292524}, {-1, 
-11.523945254792315, -26.407051363791204, -36.93099661858326, 
-36.93099661858326, -26.407051363791197, -11.523945254792332, -1, 
  1, -4.695518130045561, -18.44571524434333, -32.195912358641124, 
-37.89143048868666, -32.19591235864112, -18.44571524434333, 
-4.695518130045539, -2.0823922002925217, -1}, {-1, -1, 
-11.523945254792364, -26.407051363791364, -36.930996618583485, 
-36.930996618583485, -26.40705136379147, -11.523945254792364, 
-4.695518130045561, 
  1, -4.695518130045572, -18.44571524434345, -32.19591235864132, 
-37.89143048868689, -32.195912358641316, -18.445715244343443, 
-2.082392200292533, -1}, {-11.523945254792281, -1, -1, 
-11.52394525479231, -26.407051363791254, -36.93099661858333, 
-36.930996618583485, -26.40705136379125, -18.44571524434333, 
-4.695518130045572, 
  1, -4.695518130045555, -18.445715244343376, -32.19591235864118, 
-37.89143048868673, -32.19591235864118, -2.0823922002925226, -1}, 
{-26.407051363791197, -11.523945254792334, -1, -1, 
-11.523945254792306, -26.407051363791247, -36.930996618583485, 
-36.93099661858333, -32.195912358641124, -18.44571524434345, 
-4.695518130045555, 
  1, -4.695518130045551, -18.44571524434336, -32.19591235864117, 
-37.89143048868673, -2.0823922002925226, -1}, {-36.93099661858326, 
-26.407051363791304, -11.523945254792315, -1, -1, 
-11.523945254792306, -26.407051363791364, -36.93099661858332, 
-37.89143048868666, -32.19591235864132, -18.445715244343376, 
-4.695518130045551, 
  1, -4.695518130045544, -18.445715244343358, -32.19591235864117, 
-2.082392200292524, -1}, {-36.93099661858326, -36.9309966185834, 
-26.407051363791247, -11.52394525479231, -1, -1, 
-11.523945254792366, -26.407051363791247, -32.19591235864112, 
-37.89143048868689, -32.19591235864118, -18.44571524434336, 
-4.695518130045544, 
  1, -4.695518130045551, -18.44571524434337, -2.0823922002925244, 
-1}, {-26.407051363791197, -36.93099661858341, -36.93099661858333, 
-26.407051363791247, -11.523945254792306, -1, -1, 
-11.523945254792304, -18.44571524434333, -32.195912358641316, 
-37.89143048868673, -32.19591235864117, -18.445715244343358, 
-4.695518130045551, 
  1, -4.695518130045552, -2.082392200292523, -1}, 
{-11.523945254792288, -26.4070513637913, -36.93099661858333, 
-36.93099661858333, -26.40705136379125, -11.523945254792308, -1, 
-1, -4.695518130045539, -18.445715244343443, -32.19591235864118, 
-37.89143048868673, -32.19591235864117, -18.44571524434337, 
-4.695518130045552, 
  1, -2.0823922002925226, -1}, {-1, -1, -1, -1, -1, -1, -1, -1, 
-2.0823922002925217, -2.082392200292533, -2.0823922002925226, 
-2.0823922002925226, -2.082392200292524, -2.0823922002925244, 
-2.082392200292523, -2.0823922002925226, 
  1, -1.2539650755462057}, {-2.082392200292519, 
-2.082392200292529, -2.082392200292526, -2.0823922002925244, 
-2.082392200292523, -2.082392200292524, -2.082392200292534, 
-2.082392200292524, -1, -1, -1, -1, -1, -1, -1, -1, 
-1.2539650755462057, 1}}

{{0, 8, 17, 9}, {0, 9, 1, 16}, {0, 16, 7, 8}, {1, 9, 17, 10}, {1, 10, 
  2, 16}, {2, 10, 17, 11}, {2, 11, 3, 16}, {3, 11, 17, 12}, {3, 12, 4,
   16}, {4, 12, 17, 13}, {4, 13, 5, 16}, {5, 13, 17, 14}, {5, 14, 6, 
  16}, {6, 14, 17, 15}, {6, 15, 7, 16}, {7, 15, 17, 8}}
