{{1, -4.2360679774997845, -12.708203932499332, 
-12.708203932499343, -4.23606797749978, -1, -1, -9.47213595499963, 
-14.708203932499408, -9.472135954999644, -1, -2.236067977499884}, 
{-4.2360679774997845, 
  1, -4.236067977499781, -12.70820393249936, -12.70820393249936, 
-9.472135954999644, -1, -1, -9.472135954999642, 
-14.70820393249945, -1, -2.236067977499888}, {-12.708203932499332, 
-4.236067977499781, 
  1, -4.236067977499778, -12.708203932499332, -14.708203932499396, 
-9.47213595499961, -1, -1, -9.472135954999635, -1, 
-2.236067977499882}, {-12.708203932499343, -12.70820393249936, 
-4.236067977499778, 
  1, -4.236067977499778, -9.472135954999626, -14.708203932499394, 
-9.472135954999635, -1, -1, -1, -2.236067977499884}, 
{-4.23606797749978, -12.70820393249936, -12.708203932499332, 
-4.236067977499778, 
  1, -1, -9.47213595499962, -14.708203932499417, 
-9.472135954999626, -1, -1, -2.236067977499884}, {-1, 
-9.472135954999644, -14.708203932499396, -9.472135954999626, -1, 
  1, -4.236067977499778, -12.70820393249935, -12.708203932499341, 
-4.236067977499785, -2.236067977499885, -1}, {-1, -1, 
-9.47213595499961, -14.708203932499394, -9.47213595499962, 
-4.236067977499778, 
  1, -4.236067977499777, -12.708203932499332, -12.708203932499352, 
-2.2360679774998817, -1}, {-9.47213595499963, -1, -1, 
-9.472135954999635, -14.708203932499417, -12.70820393249935, 
-4.236067977499777, 
  1, -4.236067977499784, -12.70820393249937, -2.2360679774998853, 
-1}, {-14.708203932499408, -9.472135954999642, -1, -1, 
-9.472135954999626, -12.708203932499341, -12.708203932499332, 
-4.236067977499784, 
  1, -4.2360679774997845, -2.236067977499885, -1}, 
{-9.472135954999644, -14.70820393249945, -9.472135954999635, -1, 
-1, -4.236067977499785, -12.708203932499352, -12.70820393249937, 
-4.2360679774997845, 
  1, -2.2360679774998875, -1}, {-1, -1, -1, -1, -1, 
-2.236067977499885, -2.2360679774998817, -2.2360679774998853, 
-2.236067977499885, -2.2360679774998875, 
  1, -1.7639320225002568}, {-2.236067977499884, 
-2.236067977499888, -2.236067977499882, -2.236067977499884, 
-2.236067977499884, -1, -1, -1, -1, -1, -1.7639320225002568, 1}}

{{0, 5, 11, 6}, {0, 6, 1, 10}, {0, 10, 4, 5}, {1, 6, 11, 7}, {1, 7, 2,
   10}, {2, 7, 11, 8}, {2, 8, 3, 10}, {3, 8, 11, 9}, {3, 9, 4, 
  10}, {4, 9, 11, 5}}
