{{1., -1., -6.23606797749979, -12.70820393249937, 
-17.94427190999916, -19.94427190999916, -17.94427190999916, 
-12.70820393249937, -6.23606797749979, -1., -1., 
-4.804226065180615, -10.959593139528938, -17.11496021387111, 
-20.919186279049498, -20.919186279047874, -17.11496021387111, 
-10.959593139525358, -4.804226065180615, -1.}, {-1., 
  1., -1., -6.23606797749979, -12.70820393249937, 
-17.94427190999916, -19.94427190999916, -17.94427190999916, 
-12.70820393249937, -6.23606797749979, -1., -1., 
-4.804226065180615, -10.959593139525103, -17.11496021387111, 
-20.919186279047874, -20.919186279049498, -17.11496021387111, 
-10.959593139528938, -4.804226065180615}, {-6.23606797749979, -1.,
   1., -1., -6.23606797749979, -12.70820393249937, 
-17.94427190999916, -19.94427190999916, -17.94427190999916, 
-12.70820393249937, -4.804226065180615, -1., -1., 
-4.804226065180615, -10.95959313952531, -17.11496021387111, 
-20.919186279049498, -20.919186279047874, -17.11496021387111, 
-10.959593139528938}, {-12.70820393249937, -6.23606797749979, -1.,
   1., -1., -6.23606797749979, -12.70820393249937, 
-17.94427190999916, -19.94427190999916, -17.94427190999916, 
-10.959593139525346, -4.804226065180615, -1., -1., 
-4.804226065180615, -10.959593139528938, -17.11496021387111, 
-20.919186279047874, -20.91918627904936, -17.11496021387111}, 
{-17.94427190999916, -12.70820393249937, -6.23606797749979, -1., 
  1., -1., -6.23606797749979, -12.70820393249937, 
-17.94427190999916, -19.94427190999916, -17.11496021387111, 
-10.95959313952534, -4.804226065180615, -1., -1., 
-4.804226065180615, -10.959593139525103, -17.11496021387111, 
-20.919186279049267, -20.919186279049267}, {-19.94427190999916, 
-17.94427190999916, -12.70820393249937, -6.23606797749979, -1., 
  1., -1., -6.23606797749979, -12.70820393249937, 
-17.94427190999916, -20.919186279049292, -17.11496021387111, 
-10.959593139528938, -4.804226065180615, -1., -1., 
-4.804226065180615, -10.959593139525103, -17.11496021387111, 
-20.919186279047874}, {-17.94427190999916, -19.94427190999916, 
-17.94427190999916, -12.70820393249937, -6.23606797749979, -1., 
  1., -1., -6.23606797749979, -12.70820393249937, 
-20.919186279047874, -20.919186279047874, -17.11496021387111, 
-10.959593139528938, -4.804226065180615, -1., -1., 
-4.804226065180615, -10.959593139528938, -17.11496021387111}, 
{-12.70820393249937, -17.94427190999916, -19.94427190999916, 
-17.94427190999916, -12.70820393249937, -6.23606797749979, -1., 
  1., -1., -6.23606797749979, -17.11496021387111, 
-20.919186279047874, -20.919186279047874, -17.11496021387111, 
-10.95959313952531, -4.804226065180615, -1., -1., 
-4.804226065180615, -10.959593139525103}, {-6.23606797749979, 
-12.70820393249937, -17.94427190999916, -19.94427190999916, 
-17.94427190999916, -12.70820393249937, -6.23606797749979, -1., 
  1., -1., -10.959593139528938, -17.11496021387111, 
-20.919186279047874, -20.919186279047874, -17.11496021387111, 
-10.959593139525103, -4.804226065180615, -1., -1., 
-4.804226065180615}, {-1., -6.23606797749979, -12.70820393249937, 
-17.94427190999916, -19.94427190999916, -17.94427190999916, 
-12.70820393249937, -6.23606797749979, -1., 
  1., -4.804226065180615, -10.959593139525103, 
-17.11496021387111, -20.919186279049267, -20.919186279049228, 
-17.11496021387111, -10.95959313952531, -4.804226065180615, -1., 
-1.}, {-1., -1., -4.804226065180615, -10.959593139525346, 
-17.11496021387111, -20.919186279049292, -20.919186279047874, 
-17.11496021387111, -10.959593139528938, -4.804226065180615, 
  1., -1., -6.23606797749979, -12.70820393249937, 
-17.94427190999916, -19.94427190999916, -17.94427190999916, 
-12.70820393249937, -6.23606797749979, -1.}, {-4.804226065180615, 
-1., -1., -4.804226065180615, -10.95959313952534, 
-17.11496021387111, -20.919186279047874, -20.919186279047874, 
-17.11496021387111, -10.959593139525103, -1., 
  1., -1., -6.23606797749979, -12.70820393249937, 
-17.94427190999916, -19.94427190999916, -17.94427190999916, 
-12.70820393249937, -6.23606797749979}, {-10.959593139528938, 
-4.804226065180615, -1., -1., -4.804226065180615, 
-10.959593139528938, -17.11496021387111, -20.919186279047874, 
-20.919186279047874, -17.11496021387111, -6.23606797749979, -1., 
  1., -1., -6.23606797749979, -12.70820393249937, 
-17.94427190999916, -19.94427190999916, -17.94427190999916, 
-12.70820393249937}, {-17.11496021387111, -10.959593139525103, 
-4.804226065180615, -1., -1., -4.804226065180615, 
-10.959593139528938, -17.11496021387111, -20.919186279047874, 
-20.919186279049267, -12.70820393249937, -6.23606797749979, -1., 
  1., -1., -6.23606797749979, -12.70820393249937, 
-17.94427190999916, -19.94427190999916, -17.94427190999916}, 
{-20.919186279049498, -17.11496021387111, -10.95959313952531, 
-4.804226065180615, -1., -1., -4.804226065180615, 
-10.95959313952531, -17.11496021387111, -20.919186279049228, 
-17.94427190999916, -12.70820393249937, -6.23606797749979, -1., 
  1., -1., -6.23606797749979, -12.70820393249937, 
-17.94427190999916, -19.94427190999916}, {-20.919186279047874, 
-20.919186279047874, -17.11496021387111, -10.959593139528938, 
-4.804226065180615, -1., -1., -4.804226065180615, 
-10.959593139525103, -17.11496021387111, -19.94427190999916, 
-17.94427190999916, -12.70820393249937, -6.23606797749979, -1., 
  1., -1., -6.23606797749979, -12.70820393249937, 
-17.94427190999916}, {-17.11496021387111, -20.919186279049498, 
-20.919186279049498, -17.11496021387111, -10.959593139525103, 
-4.804226065180615, -1., -1., -4.804226065180615, 
-10.95959313952531, -17.94427190999916, -19.94427190999916, 
-17.94427190999916, -12.70820393249937, -6.23606797749979, -1., 
  1., -1., -6.23606797749979, -12.70820393249937}, 
{-10.959593139525358, -17.11496021387111, -20.919186279047874, 
-20.919186279047874, -17.11496021387111, -10.959593139525103, 
-4.804226065180615, -1., -1., -4.804226065180615, 
-12.70820393249937, -17.94427190999916, -19.94427190999916, 
-17.94427190999916, -12.70820393249937, -6.23606797749979, -1., 
  1., -1., -6.23606797749979}, {-4.804226065180615, 
-10.959593139528938, -17.11496021387111, -20.91918627904936, 
-20.919186279049267, -17.11496021387111, -10.959593139528938, 
-4.804226065180615, -1., -1., -6.23606797749979, 
-12.70820393249937, -17.94427190999916, -19.94427190999916, 
-17.94427190999916, -12.70820393249937, -6.23606797749979, -1., 
  1., -1.}, {-1., -4.804226065180615, -10.959593139528938, 
-17.11496021387111, -20.919186279049267, -20.919186279047874, 
-17.11496021387111, -10.959593139525103, -4.804226065180615, -1., 
-1., -6.23606797749979, -12.70820393249937, -17.94427190999916, 
-19.94427190999916, -17.94427190999916, -12.70820393249937, 
-6.23606797749979, -1., 1.}}

{{0, 1, 10}, {0, 9, 8, 7, 6, 5, 4, 3, 2, 1}, {0, 10, 19}, {0, 19, 
  9}, {1, 2, 11}, {1, 11, 10}, {2, 3, 12}, {2, 12, 11}, {3, 4, 
  13}, {3, 13, 12}, {4, 5, 14}, {4, 14, 13}, {5, 6, 15}, {5, 15, 
  14}, {6, 7, 16}, {6, 16, 15}, {7, 8, 17}, {7, 17, 16}, {8, 9, 
  18}, {8, 18, 17}, {9, 19, 18}, {10, 11, 12, 13, 14, 15, 16, 17, 18, 
  19}}
